512	0	0	-1
624	1	0	0
632	2	0	0
628	3	0	0
628	4	0	0
636	5	0	0
652	6	0	0
652	7	0	0
656	8	0	0
656	9	0	0
660	10	0	0
668	11	0	0
672	12	0	0
680	13	0	0
684	14	0	0
680	15	0	0
680	16	0	0
700	17	0	0
712	18	0	0
724	19	0	0
712	20	0	0
720	21	0	0
728	22	0	0
724	23	0	0
732	24	0	0
728	25	0	0
732	26	0	0
736	27	0	0
740	28	0	0
724	29	0	0
744	30	0	0
732	31	0	0
740	32	0	0
728	33	0	0
728	34	0	0
736	35	0	0
728	36	0	0
728	37	0	0
704	38	0	0
708	39	0	0
708	40	0	0
708	41	0	0
704	42	0	0
700	43	0	0
696	44	0	0
688	45	0	0
684	46	0	0
672	47	0	0
672	48	0	0
664	49	0	0
664	50	0	0
680	51	0	0
672	52	0	0
660	53	0	0
644	54	0	0
648	55	0	0
640	56	0	0
636	57	0	0
616	58	0	0
628	59	0	0
616	60	0	0
624	61	0	0
620	62	0	0
616	63	0	0
628	0	1	1
628	1	1	0
628	2	1	1
632	3	1	1
636	4	1	0
640	5	1	0
636	6	1	0
660	7	1	1
652	8	1	1
664	9	1	1
664	10	1	1
676	11	1	1
684	12	1	1
684	13	1	0
684	14	1	0
680	15	1	1
696	16	1	1
708	17	1	1
712	18	1	1
716	19	1	1
712	20	1	0
724	21	1	1
724	22	1	1
732	23	1	0
728	24	1	0
736	25	1	0
744	26	1	0
748	27	1	0
740	28	1	0
752	29	1	0
748	30	1	0
752	31	1	0
752	32	1	0
744	33	1	0
748	34	1	0
740	35	1	0
740	36	1	0
736	37	1	0
728	38	1	0
732	39	1	0
720	40	1	0
712	41	1	0
712	42	1	0
704	43	1	0
696	44	1	0
688	45	1	0
680	46	1	1
676	47	1	1
668	48	1	1
672	49	1	0
668	50	1	0
668	51	1	0
664	52	1	1
652	53	1	0
644	54	1	0
644	55	1	1
640	56	1	1
632	57	1	0
628	58	1	0
620	59	1	1
608	60	1	0
604	61	1	0
600	62	1	0
584	63	1	0
632	0	2	1
632	1	2	1
632	2	2	1
636	3	2	1
640	4	2	1
640	5	2	0
644	6	2	1
660	7	2	1
672	8	2	1
672	9	2	0
664	10	2	0
668	11	2	0
676	12	2	0
676	13	2	0
684	14	2	0
684	15	2	0
704	16	2	0
692	17	2	0
700	18	2	0
700	19	2	0
708	20	2	0
708	21	2	0
716	22	2	0
716	23	2	0
716	24	2	0
720	25	2	0
728	26	2	0
736	27	2	0
728	28	2	0
732	29	2	0
756	30	2	1
748	31	2	0
744	32	2	0
736	33	2	0
740	34	2	0
728	35	2	0
728	36	2	0
724	37	2	0
720	38	2	0
728	39	2	1
720	40	2	1
716	41	2	1
708	42	2	1
696	43	2	0
700	44	2	0
680	45	2	1
676	46	2	1
672	47	2	1
680	48	2	1
672	49	2	1
664	50	2	0
664	51	2	1
656	52	2	1
664	53	2	0
636	54	2	1
636	55	2	1
640	56	2	0
636	57	2	0
628	58	2	0
608	59	2	1
612	60	2	0
608	61	2	0
608	62	2	0
604	63	2	0
608	0	3	1
628	1	3	0
628	2	3	0
636	3	3	0
644	4	3	0
648	5	3	0
652	6	3	0
664	7	3	0
668	8	3	0
680	9	3	0
676	10	3	0
684	11	3	0
688	12	3	0
688	13	3	0
688	14	3	0
688	15	3	0
704	16	3	0
696	17	3	0
700	18	3	0
704	19	3	1
708	20	3	0
708	21	3	0
720	22	3	1
724	23	3	1
724	24	3	1
728	25	3	1
732	26	3	1
736	27	3	1
736	28	3	1
732	29	3	0
744	30	3	0
736	31	3	0
736	32	3	0
740	33	3	1
736	34	3	0
736	35	3	0
732	36	3	0
728	37	3	1
736	38	3	1
728	39	3	0
720	40	3	0
708	41	3	0
708	42	3	0
700	43	3	0
696	44	3	0
688	45	3	1
676	46	3	0
668	47	3	0
676	48	3	1
672	49	3	1
668	50	3	1
660	51	3	0
664	52	3	0
664	53	3	1
656	54	3	0
644	55	3	1
640	56	3	1
636	57	3	1
620	58	3	1
628	59	3	0
616	60	3	1
616	61	3	1
612	62	3	0
608	63	3	1
628	0	4	1
620	1	4	1
624	2	4	0
640	3	4	1
640	4	4	0
644	5	4	0
644	6	4	0
652	7	4	1
676	8	4	1
672	9	4	0
668	10	4	0
680	11	4	1
688	12	4	1
688	13	4	0
692	14	4	0
700	15	4	1
700	16	4	0
700	17	4	1
712	18	4	0
708	19	4	0
716	20	4	0
720	21	4	1
724	22	4	1
724	23	4	0
724	24	4	0
728	25	4	0
736	26	4	0
740	27	4	0
740	28	4	0
740	29	4	0
740	30	4	0
748	31	4	0
736	32	4	0
740	33	4	0
728	34	4	0
732	35	4	0
732	36	4	0
728	37	4	0
728	38	4	0
712	39	4	1
708	40	4	1
708	41	4	0
708	42	4	0
692	43	4	0
688	44	4	0
688	45	4	0
676	46	4	0
668	47	4	0
676	48	4	0
680	49	4	0
672	50	4	0
664	51	4	1
664	52	4	0
660	53	4	1
656	54	4	1
644	55	4	1
644	56	4	1
644	57	4	0
632	58	4	1
632	59	4	1
620	60	4	1
624	61	4	1
620	62	4	1
612	63	4	0
612	0	5	1
624	1	5	1
636	2	5	1
636	3	5	0
648	4	5	1
644	5	5	0
648	6	5	1
660	7	5	1
656	8	5	0
668	9	5	0
668	10	5	0
668	11	5	0
688	12	5	1
688	13	5	0
688	14	5	0
692	15	5	0
688	16	5	0
716	17	5	1
708	18	5	0
708	19	5	0
704	20	5	0
724	21	5	1
728	22	5	1
732	23	5	1
732	24	5	1
736	25	5	1
732	26	5	0
748	27	5	1
748	28	5	1
740	29	5	0
736	30	5	0
736	31	5	0
736	32	5	0
736	33	5	0
740	34	5	1
736	35	5	0
728	36	5	1
716	37	5	0
720	38	5	0
716	39	5	1
712	40	5	1
708	41	5	0
696	42	5	1
696	43	5	0
684	44	5	1
680	45	5	1
672	46	5	1
672	47	5	1
672	48	5	1
668	49	5	1
660	50	5	1
664	51	5	0
656	52	5	1
656	53	5	1
648	54	5	0
640	55	5	1
644	56	5	0
640	57	5	1
636	58	5	0
628	59	5	0
624	60	5	0
624	61	5	0
632	62	5	0
620	63	5	0
608	0	6	1
620	1	6	0
632	2	6	1
640	3	6	0
636	4	6	1
640	5	6	1
644	6	6	0
656	7	6	0
656	8	6	0
664	9	6	0
668	10	6	1
672	11	6	0
688	12	6	0
684	13	6	0
680	14	6	1
688	15	6	0
688	16	6	1
692	17	6	0
704	18	6	0
700	19	6	0
708	20	6	0
712	21	6	1
728	22	6	1
724	23	6	1
724	24	6	1
736	25	6	1
740	26	6	1
744	27	6	1
748	28	6	0
744	29	6	1
744	30	6	0
748	31	6	0
740	32	6	1
744	33	6	1
748	34	6	1
744	35	6	0
752	36	6	0
732	37	6	1
732	38	6	0
716	39	6	1
712	40	6	1
708	41	6	1
704	42	6	1
696	43	6	1
692	44	6	1
676	45	6	1
680	46	6	1
668	47	6	1
672	48	6	1
672	49	6	0
668	50	6	1
664	51	6	1
656	52	6	0
648	53	6	1
648	54	6	1
644	55	6	0
640	56	6	0
632	57	6	0
628	58	6	0
620	59	6	1
616	60	6	0
616	61	6	0
612	62	6	0
612	63	6	0
624	0	7	1
636	1	7	1
636	2	7	1
640	3	7	1
648	4	7	1
652	5	7	1
656	6	7	1
664	7	7	1
668	8	7	1
676	9	7	1
680	10	7	1
684	11	7	0
680	12	7	0
700	13	7	1
688	14	7	0
692	15	7	0
692	16	7	1
700	17	7	1
696	18	7	1
704	19	7	1
708	20	7	1
712	21	7	1
720	22	7	1
716	23	7	0
724	24	7	1
728	25	7	1
732	26	7	0
740	27	7	1
744	28	7	1
744	29	7	1
740	30	7	0
748	31	7	1
736	32	7	1
740	33	7	1
740	34	7	0
744	35	7	1
740	36	7	1
736	37	7	0
728	38	7	1
724	39	7	0
712	40	7	1
712	41	7	0
708	42	7	0
704	43	7	0
708	44	7	0
696	45	7	0
684	46	7	0
680	47	7	0
676	48	7	0
676	49	7	1
672	50	7	0
668	51	7	0
664	52	7	0
648	53	7	1
644	54	7	0
640	55	7	1
640	56	7	0
640	57	7	0
632	58	7	0
616	59	7	1
620	60	7	1
612	61	7	1
612	62	7	1
612	63	7	1
616	0	8	1
628	1	8	1
640	2	8	1
644	3	8	0
648	4	8	1
656	5	8	1
664	6	8	0
672	7	8	0
676	8	8	1
680	9	8	0
684	10	8	1
692	11	8	0
696	12	8	0
704	13	8	0
704	14	8	0
708	15	8	0
708	16	8	0
712	17	8	0
708	18	8	1
712	19	8	0
716	20	8	0
716	21	8	1
720	22	8	1
720	23	8	0
728	24	8	0
736	25	8	0
748	26	8	0
748	27	8	0
760	28	8	0
748	29	8	1
744	30	8	1
740	31	8	1
728	32	8	1
728	33	8	0
724	34	8	0
732	35	8	0
728	36	8	0
720	37	8	0
724	38	8	0
720	39	8	1
716	40	8	0
708	41	8	0
704	42	8	1
704	43	8	1
700	44	8	0
684	45	8	0
692	46	8	0
684	47	8	1
680	48	8	0
672	49	8	0
668	50	8	0
664	51	8	1
660	52	8	1
652	53	8	1
640	54	8	0
632	55	8	1
632	56	8	0
628	57	8	1
620	58	8	1
608	59	8	1
608	60	8	1
608	61	8	0
616	62	8	0
600	63	8	0
624	0	9	1
628	1	9	1
636	2	9	0
640	3	9	1
652	4	9	1
648	5	9	0
660	6	9	1
668	7	9	0
672	8	9	0
684	9	9	1
688	10	9	1
700	11	9	1
700	12	9	1
704	13	9	0
704	14	9	1
704	15	9	0
704	16	9	1
716	17	9	0
712	18	9	0
712	19	9	1
720	20	9	1
720	21	9	0
728	22	9	0
732	23	9	0
736	24	9	0
744	25	9	1
656	26	9	0
396	27	9	0
216	28	9	0
328	29	9	0
744	30	9	1
736	31	9	1
752	32	9	0
740	33	9	0
732	34	9	0
732	35	9	1
724	36	9	0
720	37	9	1
720	38	9	1
716	39	9	1
716	40	9	0
708	41	9	0
704	42	9	0
696	43	9	1
692	44	9	0
688	45	9	1
684	46	9	0
676	47	9	1
672	48	9	0
672	49	9	1
668	50	9	1
668	51	9	0
664	52	9	0
656	53	9	0
644	54	9	1
640	55	9	0
636	56	9	0
628	57	9	0
620	58	9	1
612	59	9	1
608	60	9	1
612	61	9	0
608	62	9	0
604	63	9	1
628	0	10	1
640	1	10	0
640	2	10	0
648	3	10	1
648	4	10	0
656	5	10	0
664	6	10	1
676	7	10	1
676	8	10	1
684	9	10	1
688	10	10	1
700	11	10	1
704	12	10	1
704	13	10	1
704	14	10	0
708	15	10	1
708	16	10	0
724	17	10	1
712	18	10	0
720	19	10	1
712	20	10	0
720	21	10	0
728	22	10	0
724	23	10	0
748	24	10	1
640	25	10	1
56	26	10	0
48	27	10	1
40	28	10	1
44	29	10	0
40	30	10	0
44	31	10	0
748	32	10	1
736	33	10	1
732	34	10	1
724	35	10	1
720	36	10	1
716	37	10	1
716	38	10	1
720	39	10	1
708	40	10	1
700	41	10	1
696	42	10	0
696	43	10	0
692	44	10	1
688	45	10	1
680	46	10	1
676	47	10	0
676	48	10	0
672	49	10	0
668	50	10	0
660	51	10	1
656	52	10	0
656	53	10	0
640	54	10	1
636	55	10	1
624	56	10	1
624	57	10	0
624	58	10	0
612	59	10	1
604	60	10	1
608	61	10	0
604	62	10	1
600	63	10	1
636	0	11	1
644	1	11	0
648	2	11	0
652	3	11	0
652	4	11	0
664	5	11	0
664	6	11	1
676	7	11	0
688	8	11	0
688	9	11	0
692	10	11	0
692	11	11	0
700	12	11	0
700	13	11	1
704	14	11	0
704	15	11	1
708	16	11	0
724	17	11	0
724	18	11	0
720	19	11	0
712	20	11	1
720	21	11	0
728	22	11	0
736	23	11	0
744	24	11	0
172	25	11	1
40	26	11	0
36	27	11	0
44	28	11	1
48	29	11	1
52	30	11	0
48	31	11	1
40	32	11	0
668	33	11	1
736	34	11	0
736	35	11	1
732	36	11	1
724	37	11	1
720	38	11	0
716	39	11	1
712	40	11	0
708	41	11	1
704	42	11	1
704	43	11	1
696	44	11	1
684	45	11	1
680	46	11	0
688	47	11	1
680	48	11	0
676	49	11	1
668	50	11	0
660	51	11	1
660	52	11	0
648	53	11	0
644	54	11	1
632	55	11	0
632	56	11	1
628	57	11	1
612	58	11	1
604	59	11	0
604	60	11	1
604	61	11	1
604	62	11	1
600	63	11	0
644	0	12	1
644	1	12	0
660	2	12	1
656	3	12	1
664	4	12	1
664	5	12	0
660	6	12	0
672	7	12	0
688	8	12	1
696	9	12	1
700	10	12	1
700	11	12	0
704	12	12	1
712	13	12	1
716	14	12	1
716	15	12	0
716	16	12	1
724	17	12	1
720	18	12	0
720	19	12	1
716	20	12	1
736	21	12	1
724	22	12	0
740	23	12	1
544	24	12	1
40	25	12	0
36	26	12	1
36	27	12	1
40	28	12	0
44	29	12	0
40	30	12	0
40	31	12	0
40	32	12	1
40	33	12	0
732	34	12	1
736	35	12	0
728	36	12	0
720	37	12	1
716	38	12	1
712	39	12	0
712	40	12	0
708	41	12	0
704	42	12	0
700	43	12	0
696	44	12	0
692	45	12	0
680	46	12	0
680	47	12	0
688	48	12	0
680	49	12	0
672	50	12	0
668	51	12	0
656	52	12	1
652	53	12	0
648	54	12	0
636	55	12	0
628	56	12	1
620	57	12	0
608	58	12	1
604	59	12	0
600	60	12	0
604	61	12	1
604	62	12	1
600	63	12	0
636	0	13	1
644	1	13	1
656	2	13	1
664	3	13	0
664	4	13	1
672	5	13	0
676	6	13	1
688	7	13	1
684	8	13	1
700	9	13	1
696	10	13	0
692	11	13	0
708	12	13	1
700	13	13	0
708	14	13	0
716	15	13	0
724	16	13	1
720	17	13	0
728	18	13	0
720	19	13	0
720	20	13	0
732	21	13	1
732	22	13	1
744	23	13	1
352	24	13	1
40	25	13	0
36	26	13	1
36	27	13	1
44	28	13	1
44	29	13	1
36	30	13	1
76	31	13	0
36	32	13	1
56	33	13	1
704	34	13	1
732	35	13	1
720	36	13	0
720	37	13	0
716	38	13	0
704	39	13	0
704	40	13	0
704	41	13	1
692	42	13	0
696	43	13	1
692	44	13	1
684	45	13	0
676	46	13	0
676	47	13	0
676	48	13	0
664	49	13	0
664	50	13	0
664	51	13	0
648	52	13	1
644	53	13	1
636	54	13	1
632	55	13	0
624	56	13	0
620	57	13	0
616	58	13	0
604	59	13	0
600	60	13	0
600	61	13	0
588	62	13	1
584	63	13	1
644	0	14	1
648	1	14	1
664	2	14	1
664	3	14	1
672	4	14	1
676	5	14	1
676	6	14	0
684	7	14	0
688	8	14	1
696	9	14	0
696	10	14	0
700	11	14	0
704	12	14	1
704	13	14	0
716	14	14	0
720	15	14	0
716	16	14	0
728	17	14	0
728	18	14	0
728	19	14	0
724	20	14	0
728	21	14	1
740	22	14	0
740	23	14	1
68	24	14	1
36	25	14	1
36	26	14	1
388	27	14	0
36	28	14	1
40	29	14	1
396	30	14	0
644	31	14	0
504	32	14	0
128	33	14	1
180	34	14	0
244	35	14	0
720	36	14	1
740	37	14	0
716	38	14	1
716	39	14	1
712	40	14	1
700	41	14	1
696	42	14	1
700	43	14	1
692	44	14	1
680	45	14	1
676	46	14	0
668	47	14	0
672	48	14	0
664	49	14	1
652	50	14	0
656	51	14	1
648	52	14	1
640	53	14	0
636	54	14	0
628	55	14	0
620	56	14	0
620	57	14	0
612	58	14	0
600	59	14	0
596	60	14	0
596	61	14	0
600	62	14	1
588	63	14	1
644	0	15	1
644	1	15	0
660	2	15	1
672	3	15	1
672	4	15	0
672	5	15	0
676	6	15	0
680	7	15	1
684	8	15	0
688	9	15	0
688	10	15	0
696	11	15	0
700	12	15	1
712	13	15	1
708	14	15	0
716	15	15	0
716	16	15	0
728	17	15	1
728	18	15	0
724	19	15	0
724	20	15	1
732	21	15	1
740	22	15	1
660	23	15	1
48	24	15	1
36	25	15	1
228	26	15	1
448	27	15	1
76	28	15	1
388	29	15	1
624	30	15	1
532	31	15	0
508	32	15	0
368	33	15	1
408	34	15	1
324	35	15	0
348	36	15	0
412	37	15	0
300	38	15	0
704	39	15	1
704	40	15	1
704	41	15	1
696	42	15	0
700	43	15	0
696	44	15	0
688	45	15	0
684	46	15	0
676	47	15	0
676	48	15	0
660	49	15	1
656	50	15	0
656	51	15	0
648	52	15	0
648	53	15	0
636	54	15	0
628	55	15	0
616	56	15	1
612	57	15	1
604	58	15	1
596	59	15	1
592	60	15	1
592	61	15	0
588	62	15	1
584	63	15	1
640	0	16	1
640	1	16	0
656	2	16	1
672	3	16	1
672	4	16	1
680	5	16	0
672	6	16	0
680	7	16	1
688	8	16	0
692	9	16	1
696	10	16	0
700	11	16	1
704	12	16	1
716	13	16	1
712	14	16	1
720	15	16	1
728	16	16	0
712	17	16	0
480	18	16	0
412	19	16	0
436	20	16	0
408	21	16	0
392	22	16	0
268	23	16	0
44	24	16	1
48	25	16	0
136	26	16	0
440	27	16	1
416	28	16	0
488	29	16	1
656	30	16	0
712	31	16	0
716	32	16	0
552	33	16	1
560	34	16	1
760	35	16	1
772	36	16	1
632	37	16	1
396	38	16	1
632	39	16	1
580	40	16	1
692	41	16	0
696	42	16	1
692	43	16	1
688	44	16	1
692	45	16	1
672	46	16	0
668	47	16	0
668	48	16	1
664	49	16	1
656	50	16	1
648	51	16	0
648	52	16	1
640	53	16	1
628	54	16	0
624	55	16	1
616	56	16	0
604	57	16	1
596	58	16	1
592	59	16	1
588	60	16	0
592	61	16	0
592	62	16	0
580	63	16	0
652	0	17	1
652	1	17	0
656	2	17	0
656	3	17	0
668	4	17	1
672	5	17	0
672	6	17	0
680	7	17	1
688	8	17	1
688	9	17	0
696	10	17	1
700	11	17	1
704	12	17	1
700	13	17	1
712	14	17	0
720	15	17	1
708	16	17	1
68	17	17	0
76	18	17	1
76	19	17	1
68	20	17	0
68	21	17	0
60	22	17	1
44	23	17	1
56	24	17	1
264	25	17	1
376	26	17	0
160	27	17	1
508	28	17	1
620	29	17	1
592	30	17	0
516	31	17	0
424	32	17	0
196	33	17	1
404	34	17	1
400	35	17	1
372	36	17	1
380	37	17	0
452	38	17	0
448	39	17	1
632	40	17	0
692	41	17	0
696	42	17	1
684	43	17	1
680	44	17	0
680	45	17	1
680	46	17	0
676	47	17	1
680	48	17	0
656	49	17	1
652	50	17	0
652	51	17	0
648	52	17	1
640	53	17	1
632	54	17	1
624	55	17	0
620	56	17	1
616	57	17	0
608	58	17	0
596	59	17	1
592	60	17	0
588	61	17	0
592	62	17	1
584	63	17	1
652	0	18	1
656	1	18	1
664	2	18	0
668	3	18	0
680	4	18	0
676	5	18	1
676	6	18	1
684	7	18	1
688	8	18	1
696	9	18	0
700	10	18	0
700	11	18	1
708	12	18	0
716	13	18	0
728	14	18	0
736	15	18	0
208	16	18	1
52	17	18	1
64	18	18	1
68	19	18	0
68	20	18	1
64	21	18	0
64	22	18	0
40	23	18	1
236	24	18	1
500	25	18	0
460	26	18	1
156	27	18	1
64	28	18	0
472	29	18	1
388	30	18	0
424	31	18	1
492	32	18	1
336	33	18	1
208	34	18	0
156	35	18	0
192	36	18	0
524	37	18	1
548	38	18	1
732	39	18	0
740	40	18	0
668	41	18	1
688	42	18	1
688	43	18	0
684	44	18	0
680	45	18	0
680	46	18	0
672	47	18	1
664	48	18	0
652	49	18	1
652	50	18	0
660	51	18	0
652	52	18	0
644	53	18	1
624	54	18	1
624	55	18	1
620	56	18	1
620	57	18	1
608	58	18	1
604	59	18	0
584	60	18	1
592	61	18	0
588	62	18	0
588	63	18	0
660	0	19	1
660	1	19	0
672	2	19	1
672	3	19	0
692	4	19	1
688	5	19	1
680	6	19	1
696	7	19	1
692	8	19	1
704	9	19	1
700	10	19	1
716	11	19	1
720	12	19	0
724	13	19	1
732	14	19	0
360	15	19	0
64	16	19	1
60	17	19	1
56	18	19	0
60	19	19	0
60	20	19	0
60	21	19	0
60	22	19	1
56	23	19	1
32	24	19	0
800	25	19	1
484	26	19	0
172	27	19	1
56	28	19	1
48	29	19	0
456	30	19	1
508	31	19	1
520	32	19	1
164	33	19	1
152	34	19	0
180	35	19	1
288	36	19	1
272	37	19	0
764	38	19	1
332	39	19	0
364	40	19	0
352	41	19	1
624	42	19	1
684	43	19	0
680	44	19	0
680	45	19	1
668	46	19	0
668	47	19	0
664	48	19	0
664	49	19	1
656	50	19	0
660	51	19	1
652	52	19	1
648	53	19	1
636	54	19	0
620	55	19	1
616	56	19	0
616	57	19	0
600	58	19	1
596	59	19	1
588	60	19	1
584	61	19	1
580	62	19	0
580	63	19	1
652	0	20	1
660	1	20	1
668	2	20	1
672	3	20	1
676	4	20	0
676	5	20	0
680	6	20	1
676	7	20	0
692	8	20	1
696	9	20	1
696	10	20	0
712	11	20	1
720	12	20	0
724	13	20	0
280	14	20	0
60	15	20	0
60	16	20	1
64	17	20	0
52	18	20	1
52	19	20	0
52	20	20	1
60	21	20	1
60	22	20	1
60	23	20	0
52	24	20	0
356	25	20	1
532	26	20	1
276	27	20	0
36	28	20	1
32	29	20	0
360	30	20	1
716	31	20	1
496	32	20	1
188	33	20	1
208	34	20	0
284	35	20	1
424	36	20	1
148	37	20	1
192	38	20	0
692	39	20	1
692	40	20	0
688	41	20	0
680	42	20	0
680	43	20	0
672	44	20	1
672	45	20	1
668	46	20	1
664	47	20	0
668	48	20	0
656	49	20	1
660	50	20	0
652	51	20	1
648	52	20	1
652	53	20	0
632	54	20	1
624	55	20	1
624	56	20	0
612	57	20	1
604	58	20	1
600	59	20	1
596	60	20	1
596	61	20	0
588	62	20	0
584	63	20	1
652	0	21	1
660	1	21	1
664	2	21	1
668	3	21	1
672	4	21	1
672	5	21	1
672	6	21	0
680	7	21	1
692	8	21	1
704	9	21	1
704	10	21	1
716	11	21	1
660	12	21	0
96	13	21	0
52	14	21	0
48	15	21	0
60	16	21	0
48	17	21	0
48	18	21	0
48	19	21	1
52	20	21	1
56	21	21	1
56	22	21	1
60	23	21	1
60	24	21	0
240	25	21	1
268	26	21	1
60	27	21	0
64	28	21	0
32	29	21	1
36	30	21	0
720	31	21	1
612	32	21	0
316	33	21	1
268	34	21	0
316	35	21	1
320	36	21	1
224	37	21	0
48	38	21	0
696	39	21	1
676	40	21	0
672	41	21	1
672	42	21	0
668	43	21	0
664	44	21	0
664	45	21	0
664	46	21	1
660	47	21	1
664	48	21	1
656	49	21	1
652	50	21	1
644	51	21	1
652	52	21	0
636	53	21	1
628	54	21	1
616	55	21	1
612	56	21	1
608	57	21	1
604	58	21	0
600	59	21	0
592	60	21	1
588	61	21	1
584	62	21	0
580	63	21	1
648	0	22	1
652	1	22	0
656	2	22	0
664	3	22	1
656	4	22	0
664	5	22	0
664	6	22	0
672	7	22	1
684	8	22	1
696	9	22	1
700	10	22	0
600	11	22	0
60	12	22	0
64	13	22	1
64	14	22	0
48	15	22	1
52	16	22	1
48	17	22	1
48	18	22	1
48	19	22	1
48	20	22	1
56	21	22	1
52	22	22	0
44	23	22	0
32	24	22	1
144	25	22	1
92	26	22	1
84	27	22	0
76	28	22	0
64	29	22	0
324	30	22	0
460	31	22	1
780	32	22	1
388	33	22	0
624	34	22	1
680	35	22	0
692	36	22	1
96	37	22	1
116	38	22	0
528	39	22	1
672	40	22	0
668	41	22	0
668	42	22	1
668	43	22	1
668	44	22	1
668	45	22	0
660	46	22	0
656	47	22	0
664	48	22	1
656	49	22	0
656	50	22	0
656	51	22	1
652	52	22	1
640	53	22	0
632	54	22	0
624	55	22	1
616	56	22	1
612	57	22	1
604	58	22	1
600	59	22	1
600	60	22	1
592	61	22	1
588	62	22	1
580	63	22	0
652	0	23	1
640	1	23	0
648	2	23	0
660	3	23	1
656	4	23	0
660	5	23	0
664	6	23	1
676	7	23	1
688	8	23	1
692	9	23	0
608	10	23	1
64	11	23	0
64	12	23	1
68	13	23	0
68	14	23	0
68	15	23	0
64	16	23	0
48	17	23	1
44	18	23	1
52	19	23	1
52	20	23	0
56	21	23	1
56	22	23	1
60	23	23	1
36	24	23	1
36	25	23	0
88	26	23	1
60	27	23	0
64	28	23	1
356	29	23	0
52	30	23	1
404	31	23	1
636	32	23	0
600	33	23	0
840	34	23	1
944	35	23	1
752	36	23	1
56	37	23	1
192	38	23	0
680	39	23	1
676	40	23	0
664	41	23	0
668	42	23	0
664	43	23	0
668	44	23	0
668	45	23	0
660	46	23	1
656	47	23	1
656	48	23	1
664	49	23	0
652	50	23	0
648	51	23	1
648	52	23	0
648	53	23	0
624	54	23	1
624	55	23	1
624	56	23	0
608	57	23	1
600	58	23	1
596	59	23	0
596	60	23	0
584	61	23	1
584	62	23	0
580	63	23	1
636	0	24	1
640	1	24	1
644	2	24	1
652	3	24	0
652	4	24	1
656	5	24	1
660	6	24	0
676	7	24	1
684	8	24	1
604	9	24	1
64	10	24	1
60	11	24	0
56	12	24	0
56	13	24	0
56	14	24	0
56	15	24	0
48	16	24	0
52	17	24	1
48	18	24	1
44	19	24	0
44	20	24	0
60	21	24	1
52	22	24	0
36	23	24	0
44	24	24	1
48	25	24	0
48	26	24	1
60	27	24	0
360	28	24	1
44	29	24	0
48	30	24	1
36	31	24	0
720	32	24	1
796	33	24	1
936	34	24	1
908	35	24	0
576	36	24	1
44	37	24	1
264	38	24	1
680	39	24	1
668	40	24	0
652	41	24	0
656	42	24	0
660	43	24	0
656	44	24	0
660	45	24	0
656	46	24	0
648	47	24	0
644	48	24	0
656	49	24	0
652	50	24	1
648	51	24	0
644	52	24	0
640	53	24	1
632	54	24	0
624	55	24	0
616	56	24	0
612	57	24	0
600	58	24	0
596	59	24	1
592	60	24	1
584	61	24	0
576	62	24	1
580	63	24	1
636	0	25	1
644	1	25	1
644	2	25	1
652	3	25	0
656	4	25	1
656	5	25	1
656	6	25	1
664	7	25	1
660	8	25	1
72	9	25	1
56	10	25	0
40	11	25	0
44	12	25	0
52	13	25	0
48	14	25	1
40	15	25	0
48	16	25	1
48	17	25	0
48	18	25	1
48	19	25	0
48	20	25	0
52	21	25	1
48	22	25	1
48	23	25	0
44	24	25	1
44	25	25	0
56	26	25	1
360	27	25	0
56	28	25	1
40	29	25	1
36	30	25	0
36	31	25	0
40	32	25	0
380	33	25	0
360	34	25	0
616	35	25	0
288	36	25	0
76	37	25	0
568	38	25	1
672	39	25	0
664	40	25	0
656	41	25	0
656	42	25	1
656	43	25	0
656	44	25	0
656	45	25	1
648	46	25	0
644	47	25	0
648	48	25	1
648	49	25	0
648	50	25	1
640	51	25	0
640	52	25	0
636	53	25	1
632	54	25	0
624	55	25	0
616	56	25	1
612	57	25	1
604	58	25	0
596	59	25	1
588	60	25	0
580	61	25	1
576	62	25	1
572	63	25	1
640	0	26	1
636	1	26	1
648	2	26	1
648	3	26	0
652	4	26	0
660	5	26	1
656	6	26	1
676	7	26	1
268	8	26	1
44	9	26	0
48	10	26	0
52	11	26	0
52	12	26	1
52	13	26	0
48	14	26	0
52	15	26	0
36	16	26	1
48	17	26	1
48	18	26	1
44	19	26	0
48	20	26	1
48	21	26	1
44	22	26	1
44	23	26	1
48	24	26	0
44	25	26	0
332	26	26	1
56	27	26	1
52	28	26	1
48	29	26	1
36	30	26	1
36	31	26	1
40	32	26	0
32	33	26	0
48	34	26	0
52	35	26	1
48	36	26	0
416	37	26	1
680	38	26	0
668	39	26	0
660	40	26	1
656	41	26	0
652	42	26	0
652	43	26	0
652	44	26	0
652	45	26	0
648	46	26	0
648	47	26	0
636	48	26	1
636	49	26	1
660	50	26	0
640	51	26	0
644	52	26	0
644	53	26	0
624	54	26	1
624	55	26	1
616	56	26	1
608	57	26	1
604	58	26	1
592	59	26	0
588	60	26	0
588	61	26	0
576	62	26	0
564	63	26	0
636	0	27	1
640	1	27	0
644	2	27	1
652	3	27	0
648	4	27	1
652	5	27	1
656	6	27	1
672	7	27	1
164	8	27	1
40	9	27	1
36	10	27	0
48	11	27	1
56	12	27	0
60	13	27	0
64	14	27	0
60	15	27	0
52	16	27	0
52	17	27	0
44	18	27	1
44	19	27	0
48	20	27	1
44	21	27	0
40	22	27	1
44	23	27	1
44	24	27	1
364	25	27	1
48	26	27	0
40	27	27	0
48	28	27	0
52	29	27	1
36	30	27	1
40	31	27	1
336	32	27	1
224	33	27	0
252	34	27	0
44	35	27	1
40	36	27	0
36	37	27	0
692	38	27	1
668	39	27	1
660	40	27	1
660	41	27	1
656	42	27	1
652	43	27	1
648	44	27	1
648	45	27	1
644	46	27	1
640	47	27	0
636	48	27	0
608	49	27	0
716	50	27	1
644	51	27	1
632	52	27	0
632	53	27	0
624	54	27	1
620	55	27	0
620	56	27	0
608	57	27	0
608	58	27	0
600	59	27	0
596	60	27	0
592	61	27	0
588	62	27	0
576	63	27	0
648	0	28	1
644	1	28	1
648	2	28	1
652	3	28	0
652	4	28	0
652	5	28	1
656	6	28	1
664	7	28	1
660	8	28	0
40	9	28	1
36	10	28	1
36	11	28	1
36	12	28	0
40	13	28	0
44	14	28	0
52	15	28	1
56	16	28	0
64	17	28	0
64	18	28	0
64	19	28	0
48	20	28	1
36	21	28	1
48	22	28	1
56	23	28	1
56	24	28	0
56	25	28	0
48	26	28	0
48	27	28	1
52	28	28	0
52	29	28	1
32	30	28	1
48	31	28	1
440	32	28	1
504	33	28	1
520	34	28	0
168	35	28	1
40	36	28	1
44	37	28	0
548	38	28	1
672	39	28	0
660	40	28	1
652	41	28	0
652	42	28	1
656	43	28	0
644	44	28	0
640	45	28	1
640	46	28	1
636	47	28	1
616	48	28	0
560	49	28	0
620	50	28	1
632	51	28	1
636	52	28	0
632	53	28	1
632	54	28	0
624	55	28	0
620	56	28	0
616	57	28	1
604	58	28	1
596	59	28	0
596	60	28	1
592	61	28	1
580	62	28	1
572	63	28	1
644	0	29	1
648	1	29	0
652	2	29	0
660	3	29	0
656	4	29	1
656	5	29	0
652	6	29	1
660	7	29	1
672	8	29	1
672	9	29	0
36	10	29	1
36	11	29	0
36	12	29	1
44	13	29	0
44	14	29	0
40	15	29	0
44	16	29	0
56	17	29	1
60	18	29	1
64	19	29	1
64	20	29	0
64	21	29	0
92	22	29	1
60	23	29	1
40	24	29	0
44	25	29	0
44	26	29	0
52	27	29	1
52	28	29	0
48	29	29	1
36	30	29	1
32	31	29	0
124	32	29	1
44	33	29	0
76	34	29	0
100	35	29	1
60	36	29	0
180	37	29	1
672	38	29	1
668	39	29	1
652	40	29	1
652	41	29	1
648	42	29	1
648	43	29	1
640	44	29	1
644	45	29	0
636	46	29	1
612	47	29	1
728	48	29	1
744	49	29	0
716	50	29	1
632	51	29	1
636	52	29	0
636	53	29	1
636	54	29	1
624	55	29	1
620	56	29	0
616	57	29	1
596	58	29	1
600	59	29	0
588	60	29	1
592	61	29	1
580	62	29	1
580	63	29	0
640	0	30	1
652	1	30	1
652	2	30	1
648	3	30	1
644	4	30	1
656	5	30	0
656	6	30	0
656	7	30	1
664	8	30	1
668	9	30	1
680	10	30	0
36	11	30	1
40	12	30	0
36	13	30	0
36	14	30	0
36	15	30	1
40	16	30	0
40	17	30	0
48	18	30	0
48	19	30	0
68	20	30	1
152	21	30	1
168	22	30	1
236	23	30	0
44	24	30	1
44	25	30	1
48	26	30	0
52	27	30	0
56	28	30	1
36	29	30	1
32	30	30	1
36	31	30	1
292	32	30	1
76	33	30	0
36	34	30	1
56	35	30	1
116	36	30	1
676	37	30	1
668	38	30	1
664	39	30	1
656	40	30	1
648	41	30	1
648	42	30	1
652	43	30	0
648	44	30	1
648	45	30	0
640	46	30	0
600	47	30	1
736	48	30	1
740	49	30	1
740	50	30	0
636	51	30	1
636	52	30	0
636	53	30	1
632	54	30	1
628	55	30	1
620	56	30	0
608	57	30	1
600	58	30	1
596	59	30	0
592	60	30	1
588	61	30	1
584	62	30	1
584	63	30	0
640	0	31	1
648	1	31	1
652	2	31	1
648	3	31	0
648	4	31	1
652	5	31	1
652	6	31	0
656	7	31	0
664	8	31	1
668	9	31	1
676	10	31	1
516	11	31	1
36	12	31	1
36	13	31	1
36	14	31	1
36	15	31	1
40	16	31	1
40	17	31	1
44	18	31	0
52	19	31	1
72	20	31	1
120	21	31	0
112	22	31	0
160	23	31	0
64	24	31	1
56	25	31	0
56	26	31	1
60	27	31	0
52	28	31	1
36	29	31	1
32	30	31	0
56	31	31	1
252	32	31	1
624	33	31	1
200	34	31	1
48	35	31	1
60	36	31	1
424	37	31	1
672	38	31	1
672	39	31	0
660	40	31	0
656	41	31	0
652	42	31	0
652	43	31	1
652	44	31	0
648	45	31	0
640	46	31	1
608	47	31	1
716	48	31	1
740	49	31	1
732	50	31	1
636	51	31	1
636	52	31	0
644	53	31	1
632	54	31	0
628	55	31	1
628	56	31	0
616	57	31	0
604	58	31	1
600	59	31	1
596	60	31	0
596	61	31	0
584	62	31	1
584	63	31	1
652	0	32	1
652	1	32	1
652	2	32	1
652	3	32	0
652	4	32	1
652	5	32	1
652	6	32	1
660	7	32	1
656	8	32	1
668	9	32	1
676	10	32	1
392	11	32	1
36	12	32	1
36	13	32	1
36	14	32	0
44	15	32	1
44	16	32	1
52	17	32	1
52	18	32	1
48	19	32	1
40	20	32	0
100	21	32	1
132	22	32	1
120	23	32	0
88	24	32	0
56	25	32	1
60	26	32	1
56	27	32	1
48	28	32	0
32	29	32	1
32	30	32	1
192	31	32	1
128	32	32	1
740	33	32	1
184	34	32	1
548	35	32	0
200	36	32	1
40	37	32	0
688	38	32	1
672	39	32	1
660	40	32	1
652	41	32	1
660	42	32	1
652	43	32	1
648	44	32	1
648	45	32	1
640	46	32	1
620	47	32	1
728	48	32	1
732	49	32	1
736	50	32	1
636	51	32	1
636	52	32	1
640	53	32	1
632	54	32	0
624	55	32	1
624	56	32	1
620	57	32	0
608	58	32	1
604	59	32	1
600	60	32	1
596	61	32	0
592	62	32	1
584	63	32	1
656	0	33	1
648	1	33	0
652	2	33	1
652	3	33	0
652	4	33	1
652	5	33	0
652	6	33	0
656	7	33	1
656	8	33	1
660	9	33	1
676	10	33	1
260	11	33	1
36	12	33	1
36	13	33	1
32	14	33	1
32	15	33	1
32	16	33	0
36	17	33	0
40	18	33	0
40	19	33	0
40	20	33	1
36	21	33	0
92	22	33	1
100	23	33	0
60	24	33	0
108	25	33	0
56	26	33	0
48	27	33	1
364	28	33	1
680	29	33	0
32	30	33	1
172	31	33	1
132	32	33	1
752	33	33	1
520	34	33	1
656	35	33	1
652	36	33	0
96	37	33	1
524	38	33	1
668	39	33	1
660	40	33	0
652	41	33	1
652	42	33	1
648	43	33	0
648	44	33	0
644	45	33	0
640	46	33	1
612	47	33	1
724	48	33	1
724	49	33	0
740	50	33	1
636	51	33	1
632	52	33	0
628	53	33	0
628	54	33	1
692	55	33	0
676	56	33	0
700	57	33	0
612	58	33	1
604	59	33	1
600	60	33	1
592	61	33	0
592	62	33	1
584	63	33	1
648	0	34	1
648	1	34	0
648	2	34	1
652	3	34	1
648	4	34	1
652	5	34	0
660	6	34	1
660	7	34	0
656	8	34	1
672	9	34	1
680	10	34	0
152	11	34	1
40	12	34	0
44	13	34	0
44	14	34	0
32	15	34	1
32	16	34	1
36	17	34	1
36	18	34	0
48	19	34	0
48	20	34	0
56	21	34	0
48	22	34	0
88	23	34	1
72	24	34	1
56	25	34	0
52	26	34	1
52	27	34	1
672	28	34	1
680	29	34	1
112	30	34	1
168	31	34	1
108	32	34	1
764	33	34	1
572	34	34	1
648	35	34	0
660	36	34	1
104	37	34	1
32	38	34	0
648	39	34	1
760	40	34	0
788	41	34	0
772	42	34	0
640	43	34	1
644	44	34	0
640	45	34	1
636	46	34	0
596	47	34	1
704	48	34	1
724	49	34	0
732	50	34	0
628	51	34	1
628	52	34	1
628	53	34	1
628	54	34	0
616	55	34	0
604	56	34	0
592	57	34	0
608	58	34	1
600	59	34	1
596	60	34	1
592	61	34	0
592	62	34	1
584	63	34	1
644	0	35	1
648	1	35	1
656	2	35	1
648	3	35	1
652	4	35	1
656	5	35	1
656	6	35	1
660	7	35	1
664	8	35	0
672	9	35	1
556	10	35	1
48	11	35	0
52	12	35	0
52	13	35	0
48	14	35	1
48	15	35	0
48	16	35	0
44	17	35	0
52	18	35	1
56	19	35	0
56	20	35	1
64	21	35	0
64	22	35	0
56	23	35	0
60	24	35	0
60	25	35	0
56	26	35	0
292	27	35	1
668	28	35	1
680	29	35	1
144	30	35	1
220	31	35	1
440	32	35	1
760	33	35	1
572	34	35	1
652	35	35	1
648	36	35	0
376	37	35	1
100	38	35	1
672	39	35	1
728	40	35	0
752	41	35	0
760	42	35	0
768	43	35	0
652	44	35	1
632	45	35	0
620	46	35	0
608	47	35	1
708	48	35	1
712	49	35	0
740	50	35	1
624	51	35	1
628	52	35	1
632	53	35	1
632	54	35	1
604	55	35	1
592	56	35	0
620	57	35	1
604	58	35	1
608	59	35	0
600	60	35	0
596	61	35	0
588	62	35	1
580	63	35	1
512	0	36	-1
568	1	36	0
528	2	36	0
560	3	36	0
656	4	36	1
652	5	36	1
660	6	36	0
668	7	36	0
664	8	36	1
672	9	36	0
208	10	36	1
52	11	36	1
56	12	36	1
56	13	36	1
60	14	36	0
60	15	36	0
52	16	36	1
48	17	36	0
56	18	36	1
56	19	36	1
56	20	36	1
64	21	36	1
60	22	36	1
56	23	36	1
60	24	36	1
60	25	36	0
56	26	36	0
520	27	36	1
664	28	36	1
656	29	36	1
192	30	36	0
364	31	36	1
432	32	36	1
768	33	36	1
572	34	36	1
640	35	36	0
484	36	36	1
460	37	36	1
52	38	36	1
40	39	36	0
760	40	36	1
696	41	36	0
688	42	36	0
768	43	36	1
784	44	36	0
764	45	36	0
624	46	36	0
608	47	36	1
692	48	36	1
712	49	36	1
740	50	36	1
636	51	36	1
628	52	36	1
628	53	36	0
628	54	36	0
596	55	36	1
596	56	36	0
616	57	36	1
616	58	36	1
604	59	36	1
600	60	36	0
592	61	36	1
592	62	36	1
588	63	36	1
480	0	37	1
448	1	37	0
468	2	37	0
492	3	37	1
616	4	37	1
652	5	37	1
660	6	37	1
664	7	37	0
672	8	37	1
548	9	37	1
40	10	37	1
40	11	37	0
40	12	37	0
44	13	37	0
64	14	37	1
64	15	37	0
56	16	37	0
52	17	37	1
60	18	37	0
60	19	37	0
56	20	37	1
60	21	37	1
56	22	37	1
60	23	37	1
60	24	37	0
56	25	37	1
120	26	37	1
664	27	37	1
716	28	37	1
584	29	37	1
212	30	37	1
460	31	37	0
436	32	37	1
764	33	37	1
568	34	37	1
592	35	37	0
360	36	37	1
500	37	37	1
536	38	37	0
112	39	37	1
752	40	37	1
680	41	37	0
716	42	37	1
720	43	37	0
720	44	37	0
724	45	37	0
580	46	37	1
600	47	37	1
692	48	37	1
700	49	37	1
740	50	37	1
632	51	37	1
628	52	37	1
628	53	37	1
628	54	37	1
580	55	37	1
580	56	37	1
604	57	37	1
600	58	37	0
600	59	37	0
600	60	37	0
600	61	37	0
596	62	37	0
592	63	37	0
436	0	38	1
424	1	38	0
408	2	38	1
460	3	38	1
572	4	38	1
656	5	38	1
680	6	38	0
640	7	38	0
672	8	38	1
232	9	38	1
44	10	38	1
48	11	38	0
48	12	38	0
44	13	38	0
44	14	38	1
40	15	38	0
52	16	38	1
48	17	38	1
52	18	38	1
52	19	38	0
60	20	38	1
60	21	38	0
52	22	38	0
56	23	38	1
56	24	38	1
56	25	38	0
412	26	38	1
780	27	38	0
780	28	38	0
428	29	38	1
228	30	38	1
544	31	38	1
500	32	38	1
772	33	38	1
560	34	38	1
632	35	38	0
716	36	38	0
604	37	38	0
604	38	38	0
116	39	38	1
480	40	38	1
692	41	38	0
704	42	38	0
692	43	38	1
672	44	38	1
664	45	38	0
664	46	38	0
676	47	38	0
640	48	38	0
628	49	38	0
668	50	38	0
632	51	38	1
620	52	38	0
616	53	38	0
604	54	38	0
616	55	38	0
624	56	38	0
644	57	38	0
596	58	38	1
596	59	38	1
600	60	38	0
604	61	38	1
596	62	38	0
592	63	38	1
512	0	39	-1
360	1	39	1
468	2	39	1
544	3	39	0
580	4	39	0
548	5	39	0
516	6	39	1
380	7	39	0
308	8	39	0
36	9	39	1
44	10	39	1
48	11	39	1
48	12	39	0
48	13	39	1
48	14	39	0
48	15	39	0
48	16	39	0
48	17	39	1
56	18	39	1
48	19	39	1
56	20	39	1
48	21	39	0
52	22	39	1
56	23	39	1
52	24	39	1
52	25	39	1
704	26	39	1
748	27	39	0
732	28	39	0
284	29	39	1
200	30	39	1
696	31	39	1
524	32	39	1
764	33	39	1
588	34	39	1
732	35	39	1
780	36	39	1
724	37	39	1
612	38	39	0
212	39	39	1
40	40	39	0
680	41	39	1
592	42	39	0
636	43	39	1
616	44	39	1
576	45	39	0
572	46	39	1
596	47	39	1
496	48	39	1
548	49	39	1
588	50	39	1
628	51	39	0
676	52	39	0
712	53	39	0
708	54	39	0
708	55	39	0
712	56	39	0
724	57	39	0
720	58	39	0
648	59	39	0
484	60	39	1
444	61	39	0
484	62	39	1
492	63	39	1
412	0	40	1
272	1	40	0
272	2	40	0
268	3	40	0
268	4	40	0
264	5	40	0
264	6	40	0
272	7	40	0
172	8	40	1
36	9	40	1
44	10	40	1
48	11	40	1
52	12	40	0
48	13	40	1
52	14	40	0
56	15	40	0
52	16	40	0
48	17	40	1
56	18	40	0
44	19	40	1
44	20	40	1
60	21	40	0
56	22	40	0
56	23	40	0
52	24	40	0
60	25	40	1
464	26	40	1
520	27	40	0
508	28	40	0
76	29	40	1
240	30	40	1
380	31	40	1
304	32	40	1
772	33	40	1
484	34	40	1
500	35	40	0
524	36	40	0
588	37	40	0
564	38	40	1
524	39	40	0
76	40	40	1
416	41	40	1
328	42	40	0
392	43	40	1
336	44	40	1
368	45	40	1
660	46	40	1
556	47	40	1
228	48	40	0
292	49	40	0
660	50	40	1
704	51	40	1
736	52	40	0
744	53	40	0
740	54	40	1
744	55	40	0
740	56	40	1
716	57	40	0
580	58	40	0
468	59	40	0
388	60	40	0
324	61	40	1
396	62	40	0
336	63	40	1
256	0	41	1
384	1	41	0
344	2	41	0
356	3	41	0
400	4	41	0
408	5	41	0
420	6	41	0
424	7	41	0
84	8	41	1
44	9	41	0
48	10	41	1
52	11	41	1
56	12	41	1
52	13	41	1
56	14	41	1
56	15	41	1
52	16	41	0
52	17	41	1
56	18	41	0
44	19	41	1
56	20	41	1
56	21	41	1
60	22	41	0
56	23	41	0
48	24	41	1
80	25	41	1
264	26	41	0
236	27	41	0
228	28	41	0
60	29	41	0
340	30	41	0
144	31	41	1
180	32	41	1
764	33	41	1
412	34	41	1
640	35	41	0
344	36	41	0
284	37	41	0
332	38	41	0
560	39	41	1
112	40	41	1
36	41	41	0
376	42	41	1
276	43	41	1
268	44	41	1
484	45	41	1
296	46	41	0
96	47	41	1
116	48	41	1
136	49	41	1
160	50	41	0
156	51	41	0
756	52	41	1
756	53	41	1
752	54	41	1
752	55	41	1
532	56	41	0
264	57	41	0
408	58	41	1
380	59	41	1
204	60	41	1
228	61	41	0
288	62	41	0
308	63	41	1
472	0	42	1
492	1	42	0
476	2	42	1
484	3	42	0
548	4	42	0
524	5	42	0
500	6	42	0
368	7	42	1
56	8	42	1
44	9	42	1
48	10	42	1
56	11	42	1
56	12	42	1
56	13	42	1
56	14	42	1
52	15	42	1
52	16	42	1
56	17	42	1
56	18	42	1
44	19	42	1
60	20	42	1
60	21	42	1
56	22	42	1
56	23	42	1
52	24	42	1
488	25	42	1
628	26	42	0
620	27	42	0
356	28	42	1
192	29	42	1
328	30	42	1
356	31	42	1
444	32	42	1
332	33	42	0
552	34	42	1
568	35	42	1
604	36	42	0
424	37	42	0
364	38	42	0
364	39	42	0
336	40	42	1
100	41	42	1
360	42	42	1
308	43	42	1
308	44	42	1
404	45	42	1
152	46	42	1
108	47	42	1
132	48	42	1
180	49	42	0
168	50	42	1
128	51	42	1
128	52	42	0
176	53	42	0
524	54	42	0
440	55	42	0
308	56	42	0
352	57	42	1
412	58	42	1
352	59	42	1
104	60	42	0
124	61	42	0
196	62	42	0
120	63	42	0
424	0	43	1
508	1	43	1
600	2	43	0
476	3	43	0
468	4	43	0
540	5	43	0
592	6	43	0
256	7	43	1
52	8	43	1
44	9	43	1
48	10	43	1
48	11	43	0
48	12	43	0
48	13	43	0
52	14	43	1
56	15	43	0
56	16	43	0
60	17	43	0
60	18	43	1
48	19	43	1
56	20	43	1
56	21	43	0
56	22	43	1
56	23	43	1
116	24	43	1
752	25	43	1
772	26	43	0
788	27	43	0
392	28	43	1
248	29	43	1
284	30	43	1
248	31	43	1
436	32	43	1
444	33	43	1
356	34	43	1
172	35	43	0
432	36	43	1
300	37	43	1
440	38	43	1
464	39	43	0
416	40	43	1
48	41	43	1
36	42	43	0
308	43	43	1
448	44	43	0
440	45	43	0
392	46	43	0
336	47	43	0
348	48	43	0
484	49	43	0
364	50	43	0
348	51	43	0
372	52	43	0
428	53	43	0
428	54	43	0
468	55	43	0
400	56	43	0
408	57	43	0
424	58	43	0
204	59	43	1
212	60	43	0
212	61	43	0
268	62	43	0
236	63	43	0
464	0	44	1
540	1	44	0
544	2	44	0
548	3	44	0
416	4	44	1
584	5	44	1
516	6	44	0
80	7	44	1
48	8	44	1
44	9	44	1
48	10	44	1
48	11	44	1
52	12	44	1
52	13	44	0
44	14	44	0
56	15	44	1
56	16	44	1
60	17	44	1
56	18	44	1
44	19	44	1
56	20	44	1
56	21	44	1
56	22	44	1
52	23	44	1
168	24	44	1
536	25	44	0
532	26	44	0
580	27	44	0
116	28	44	1
268	29	44	1
404	30	44	1
532	31	44	0
348	32	44	1
740	33	44	1
364	34	44	1
516	35	44	0
532	36	44	0
512	37	44	1
676	38	44	0
548	39	44	0
548	40	44	0
552	41	44	0
88	42	44	1
464	43	44	1
564	44	44	0
552	45	44	0
544	46	44	0
560	47	44	0
564	48	44	0
568	49	44	0
572	50	44	0
576	51	44	0
572	52	44	0
568	53	44	0
564	54	44	0
560	55	44	0
552	56	44	0
536	57	44	0
540	58	44	0
544	59	44	0
548	60	44	0
532	61	44	0
536	62	44	0
536	63	44	0
532	0	45	1
552	1	45	0
564	2	45	0
536	3	45	0
536	4	45	0
540	5	45	0
452	6	45	1
52	7	45	1
48	8	45	1
48	9	45	1
48	10	45	1
52	11	45	1
56	12	45	1
56	13	45	0
56	14	45	0
48	15	45	1
56	16	45	1
60	17	45	1
56	18	45	1
48	19	45	1
60	20	45	1
56	21	45	1
56	22	45	1
56	23	45	1
324	24	45	1
568	25	45	0
580	26	45	0
556	27	45	1
44	28	45	1
264	29	45	1
484	30	45	1
504	31	45	1
368	32	45	1
748	33	45	1
532	34	45	1
576	35	45	0
572	36	45	0
524	37	45	1
624	38	45	1
556	39	45	1
564	40	45	1
540	41	45	0
72	42	45	1
384	43	45	1
528	44	45	0
540	45	45	0
520	46	45	0
556	47	45	0
532	48	45	0
540	49	45	0
540	50	45	0
536	51	45	0
556	52	45	0
544	53	45	0
532	54	45	0
532	55	45	0
532	56	45	1
528	57	45	1
532	58	45	1
520	59	45	0
528	60	45	0
516	61	45	0
520	62	45	0
508	63	45	0
576	0	46	1
592	1	46	1
560	2	46	0
564	3	46	0
584	4	46	0
568	5	46	0
244	6	46	1
48	7	46	1
52	8	46	0
48	9	46	0
44	10	46	1
48	11	46	1
56	12	46	1
52	13	46	1
52	14	46	0
52	15	46	1
56	16	46	1
60	17	46	1
56	18	46	0
48	19	46	1
64	20	46	0
60	21	46	0
56	22	46	0
56	23	46	1
480	24	46	1
528	25	46	0
540	26	46	0
496	27	46	1
40	28	46	0
372	29	46	1
388	30	46	1
640	31	46	1
424	32	46	1
708	33	46	1
536	34	46	1
548	35	46	0
500	36	46	0
504	37	46	0
500	38	46	0
592	39	46	1
528	40	46	1
492	41	46	0
180	42	46	1
48	43	46	0
528	44	46	1
484	45	46	0
484	46	46	0
476	47	46	0
448	48	46	0
420	49	46	0
428	50	46	0
464	51	46	0
424	52	46	0
396	53	46	0
400	54	46	0
392	55	46	0
396	56	46	0
400	57	46	0
468	58	46	1
460	59	46	1
464	60	46	0
440	61	46	1
444	62	46	1
436	63	46	0
556	0	47	1
536	1	47	0
536	2	47	0
524	3	47	0
524	4	47	0
496	5	47	0
92	6	47	1
48	7	47	1
48	8	47	0
48	9	47	1
48	10	47	1
48	11	47	1
52	12	47	1
52	13	47	1
52	14	47	1
56	15	47	1
60	16	47	1
60	17	47	0
52	18	47	1
48	19	47	1
60	20	47	1
56	21	47	1
56	22	47	1
184	23	47	1
516	24	47	0
520	25	47	0
508	26	47	0
340	27	47	1
176	28	47	1
296	29	47	1
456	30	47	1
528	31	47	1
416	32	47	1
716	33	47	1
536	34	47	1
520	35	47	1
492	36	47	0
496	37	47	0
508	38	47	0
480	39	47	0
540	40	47	1
488	41	47	1
472	42	47	0
68	43	47	1
368	44	47	1
452	45	47	1
444	46	47	0
456	47	47	0
440	48	47	0
420	49	47	0
424	50	47	0
420	51	47	0
444	52	47	0
416	53	47	0
412	54	47	0
424	55	47	0
428	56	47	0
420	57	47	1
432	58	47	1
464	59	47	1
452	60	47	1
432	61	47	0
432	62	47	0
400	63	47	0
532	0	48	1
520	1	48	1
520	2	48	0
520	3	48	0
524	4	48	0
504	5	48	1
504	6	48	0
44	7	48	1
48	8	48	0
52	9	48	0
48	10	48	0
48	11	48	1
48	12	48	1
52	13	48	0
52	14	48	1
56	15	48	1
60	16	48	1
60	17	48	1
48	18	48	1
48	19	48	1
60	20	48	1
60	21	48	0
56	22	48	1
324	23	48	1
516	24	48	0
532	25	48	0
540	26	48	0
196	27	48	1
272	28	48	1
228	29	48	0
592	30	48	0
520	31	48	0
392	32	48	1
704	33	48	1
504	34	48	1
516	35	48	0
516	36	48	0
496	37	48	0
512	38	48	1
480	39	48	1
492	40	48	0
520	41	48	1
496	42	48	1
104	43	48	1
40	44	48	0
484	45	48	1
504	46	48	0
492	47	48	0
524	48	48	0
516	49	48	0
488	50	48	0
500	51	48	0
504	52	48	0
472	53	48	0
500	54	48	0
508	55	48	0
500	56	48	0
492	57	48	0
468	58	48	0
484	59	48	0
496	60	48	0
468	61	48	0
440	62	48	1
456	63	48	1
520	0	49	1
524	1	49	1
544	2	49	1
552	3	49	1
576	4	49	1
568	5	49	0
536	6	49	1
548	7	49	0
48	8	49	1
48	9	49	1
44	10	49	1
44	11	49	0
48	12	49	1
52	13	49	0
52	14	49	1
56	15	49	1
60	16	49	1
56	17	49	0
44	18	49	1
48	19	49	1
60	20	49	0
60	21	49	0
56	22	49	0
456	23	49	1
560	24	49	0
588	25	49	0
576	26	49	0
76	27	49	1
292	28	49	1
368	29	49	1
552	30	49	1
560	31	49	0
412	32	49	1
696	33	49	1
508	34	49	1
560	35	49	0
536	36	49	0
544	37	49	1
544	38	49	1
532	39	49	1
536	40	49	0
568	41	49	1
532	42	49	1
596	43	49	0
76	44	49	1
480	45	49	1
548	46	49	0
536	47	49	0
540	48	49	1
528	49	49	1
520	50	49	1
512	51	49	1
492	52	49	0
512	53	49	0
488	54	49	0
488	55	49	1
500	56	49	0
496	57	49	0
508	58	49	0
456	59	49	1
448	60	49	1
444	61	49	1
464	62	49	0
464	63	49	0
512	0	50	-1
560	1	50	1
564	2	50	0
556	3	50	1
560	4	50	0
512	5	50	0
504	6	50	0
516	7	50	0
552	8	50	0
52	9	50	1
56	10	50	0
48	11	50	0
52	12	50	0
52	13	50	1
60	14	50	1
60	15	50	1
60	16	50	1
56	17	50	0
40	18	50	1
52	19	50	1
60	20	50	1
60	21	50	1
116	22	50	1
520	23	50	0
520	24	50	0
556	25	50	0
504	26	50	0
40	27	50	1
292	28	50	1
544	29	50	1
500	30	50	0
488	31	50	0
524	32	50	0
536	33	50	0
552	34	50	0
544	35	50	0
544	36	50	1
548	37	50	1
548	38	50	0
508	39	50	0
540	40	50	0
536	41	50	0
524	42	50	0
540	43	50	1
60	44	50	1
304	45	50	1
552	46	50	1
556	47	50	0
552	48	50	1
540	49	50	0
504	50	50	0
520	51	50	0
508	52	50	0
500	53	50	1
496	54	50	0
476	55	50	0
464	56	50	0
452	57	50	0
452	58	50	0
468	59	50	0
472	60	50	0
472	61	50	0
488	62	50	0
496	63	50	0
556	0	51	1
572	1	51	1
580	2	51	0
540	3	51	1
544	4	51	1
516	5	51	1
524	6	51	0
548	7	51	1
584	8	51	0
72	9	51	1
76	10	51	1
52	11	51	1
56	12	51	1
48	13	51	0
60	14	51	1
60	15	51	1
68	16	51	0
56	17	51	1
40	18	51	1
52	19	51	1
60	20	51	1
60	21	51	1
260	22	51	1
584	23	51	1
580	24	51	1
564	25	51	0
340	26	51	1
72	27	51	0
828	28	51	0
584	29	51	1
556	30	51	0
544	31	51	1
568	32	51	0
544	33	51	1
564	34	51	1
552	35	51	1
608	36	51	0
540	37	51	1
560	38	51	0
548	39	51	0
520	40	51	0
512	41	51	1
508	42	51	1
516	43	51	0
508	44	51	0
420	45	51	1
524	46	51	1
556	47	51	1
544	48	51	1
520	49	51	0
552	50	51	0
492	51	51	0
484	52	51	1
472	53	51	1
460	54	51	0
448	55	51	1
484	56	51	1
476	57	51	0
468	58	51	0
460	59	51	0
460	60	51	0
460	61	51	0
480	62	51	0
456	63	51	1
512	0	52	-1
532	1	52	0
540	2	52	0
552	3	52	0
528	4	52	1
548	5	52	1
568	6	52	1
556	7	52	1
564	8	52	0
60	9	52	1
180	10	52	1
40	11	52	1
44	12	52	0
40	13	52	0
36	14	52	0
36	15	52	0
64	16	52	1
60	17	52	1
36	18	52	1
52	19	52	1
60	20	52	1
60	21	52	1
392	22	52	1
556	23	52	1
540	24	52	1
564	25	52	0
260	26	52	1
304	27	52	1
632	28	52	1
532	29	52	1
568	30	52	1
544	31	52	1
520	32	52	1
544	33	52	1
524	34	52	1
524	35	52	0
524	36	52	1
496	37	52	1
544	38	52	1
512	39	52	1
512	40	52	1
512	41	52	0
536	42	52	0
492	43	52	1
500	44	52	0
76	45	52	1
356	46	52	1
492	47	52	0
504	48	52	1
476	49	52	0
472	50	52	0
460	51	52	1
496	52	52	1
480	53	52	0
500	54	52	0
496	55	52	0
472	56	52	1
460	57	52	0
492	58	52	1
496	59	52	0
516	60	52	1
528	61	52	1
536	62	52	1
556	63	52	0
504	0	53	1
532	1	53	1
516	2	53	0
468	3	53	0
468	4	53	0
540	5	53	1
512	6	53	0
524	7	53	0
476	8	53	1
76	9	53	1
152	10	53	1
208	11	53	0
48	12	53	1
40	13	53	1
36	14	53	1
32	15	53	0
36	16	53	1
36	17	53	0
36	18	53	0
32	19	53	0
52	20	53	0
60	21	53	1
448	22	53	1
468	23	53	1
468	24	53	1
488	25	53	0
156	26	53	1
320	27	53	1
308	28	53	1
420	29	53	0
460	30	53	0
428	31	53	0
484	32	53	1
436	33	53	0
472	34	53	1
464	35	53	0
556	36	53	1
556	37	53	0
536	38	53	0
532	39	53	1
540	40	53	1
484	41	53	0
484	42	53	0
488	43	53	1
516	44	53	0
484	45	53	0
48	46	53	0
464	47	53	1
516	48	53	0
500	49	53	0
500	50	53	1
456	51	53	1
468	52	53	0
480	53	53	0
464	54	53	1
452	55	53	1
464	56	53	1
512	57	53	0
488	58	53	0
436	59	53	0
424	60	53	1
392	61	53	0
376	62	53	0
376	63	53	0
512	0	54	-1
516	1	54	0
484	2	54	0
508	3	54	0
556	4	54	0
528	5	54	0
560	6	54	0
588	7	54	0
392	8	54	1
84	9	54	1
80	10	54	0
220	11	54	1
220	12	54	0
40	13	54	1
36	14	54	1
36	15	54	0
36	16	54	1
36	17	54	1
40	18	54	0
36	19	54	0
36	20	54	1
212	21	54	1
464	22	54	1
452	23	54	1
420	24	54	1
412	25	54	0
40	26	54	1
320	27	54	1
256	28	54	1
412	29	54	0
476	30	54	0
476	31	54	0
444	32	54	1
424	33	54	0
484	34	54	1
540	35	54	1
512	36	54	0
548	37	54	1
560	38	54	0
596	39	54	1
548	40	54	0
552	41	54	1
512	42	54	0
532	43	54	1
560	44	54	0
568	45	54	0
84	46	54	1
384	47	54	1
544	48	54	0
584	49	54	0
516	50	54	0
524	51	54	0
456	52	54	0
500	53	54	0
472	54	54	1
508	55	54	1
496	56	54	1
508	57	54	1
496	58	54	0
520	59	54	0
496	60	54	0
480	61	54	0
448	62	54	1
452	63	54	0
512	0	55	-1
504	1	55	1
512	2	55	1
508	3	55	1
520	4	55	1
532	5	55	1
520	6	55	0
552	7	55	1
412	8	55	1
84	9	55	1
80	10	55	1
204	11	55	1
232	12	55	0
228	13	55	0
196	14	55	0
36	15	55	1
36	16	55	1
36	17	55	1
40	18	55	0
40	19	55	0
72	20	55	0
224	21	55	1
476	22	55	0
432	23	55	0
476	24	55	0
300	25	55	1
40	26	55	0
308	27	55	1
472	28	55	1
460	29	55	0
440	30	55	1
464	31	55	0
508	32	55	0
468	33	55	0
484	34	55	0
536	35	55	1
500	36	55	1
536	37	55	1
572	38	55	1
552	39	55	1
544	40	55	0
560	41	55	1
520	42	55	0
516	43	55	0
532	44	55	0
564	45	55	1
144	46	55	1
36	47	55	0
568	48	55	1
524	49	55	0
504	50	55	1
500	51	55	0
452	52	55	0
500	53	55	1
476	54	55	1
520	55	55	1
472	56	55	0
432	57	55	0
448	58	55	0
468	59	55	0
432	60	55	0
480	61	55	1
468	62	55	0
468	63	55	1
512	0	56	-1
520	1	56	0
544	2	56	1
480	3	56	0
532	4	56	1
520	5	56	0
532	6	56	1
536	7	56	1
400	8	56	1
104	9	56	1
80	10	56	1
196	11	56	1
232	12	56	1
212	13	56	1
244	14	56	1
88	15	56	1
40	16	56	1
40	17	56	1
40	18	56	1
104	19	56	0
232	20	56	0
368	21	56	1
496	22	56	1
492	23	56	0
468	24	56	1
252	25	56	1
228	26	56	0
360	27	56	1
488	28	56	0
432	29	56	1
464	30	56	1
496	31	56	1
528	32	56	1
512	33	56	0
516	34	56	0
504	35	56	0
512	36	56	1
528	37	56	1
536	38	56	1
580	39	56	0
568	40	56	0
548	41	56	0
556	42	56	0
560	43	56	0
532	44	56	1
496	45	56	0
460	46	56	0
320	47	56	0
460	48	56	0
524	49	56	1
472	50	56	0
500	51	56	0
468	52	56	0
480	53	56	1
500	54	56	1
484	55	56	0
468	56	56	1
504	57	56	1
488	58	56	0
468	59	56	1
440	60	56	1
472	61	56	0
472	62	56	1
444	63	56	0
508	0	57	1
512	1	57	0
512	2	57	1
524	3	57	1
448	4	57	0
500	5	57	1
468	6	57	0
464	7	57	0
352	8	57	1
108	9	57	1
72	10	57	1
180	11	57	1
220	12	57	0
180	13	57	1
404	14	57	1
88	15	57	1
56	16	57	1
40	17	57	1
92	18	57	1
204	19	57	1
228	20	57	1
480	21	57	1
548	22	57	0
496	23	57	1
512	24	57	0
292	25	57	1
296	26	57	0
324	27	57	1
532	28	57	1
520	29	57	0
528	30	57	1
532	31	57	1
484	32	57	0
484	33	57	0
520	34	57	0
528	35	57	0
500	36	57	0
484	37	57	0
472	38	57	0
476	39	57	0
468	40	57	0
516	41	57	0
568	42	57	1
496	43	57	1
484	44	57	1
528	45	57	0
480	46	57	0
500	47	57	0
592	48	57	0
524	49	57	1
516	50	57	0
480	51	57	1
468	52	57	1
488	53	57	1
448	54	57	0
492	55	57	1
488	56	57	0
472	57	57	0
452	58	57	0
460	59	57	0
440	60	57	0
472	61	57	1
460	62	57	0
472	63	57	1
492	0	58	1
488	1	58	1
464	2	58	1
448	3	58	1
472	4	58	1
508	5	58	1
512	6	58	0
484	7	58	0
336	8	58	1
144	9	58	1
92	10	58	1
144	11	58	1
228	12	58	1
152	13	58	1
520	14	58	1
128	15	58	1
152	16	58	0
112	17	58	0
140	18	58	0
192	19	58	1
256	20	58	1
584	21	58	1
532	22	58	1
528	23	58	0
536	24	58	1
336	25	58	1
984	26	58	1
800	27	58	1
520	28	58	1
500	29	58	1
512	30	58	1
516	31	58	0
544	32	58	1
516	33	58	0
532	34	58	0
544	35	58	1
468	36	58	1
516	37	58	0
468	38	58	1
508	39	58	0
448	40	58	0
512	41	58	1
600	42	58	1
524	43	58	0
476	44	58	0
544	45	58	0
496	46	58	0
464	47	58	0
600	48	58	1
540	49	58	1
460	50	58	0
472	51	58	0
436	52	58	0
504	53	58	0
424	54	58	1
440	55	58	1
464	56	58	0
440	57	58	0
428	58	58	0
436	59	58	0
472	60	58	0
496	61	58	1
544	62	58	1
408	63	58	1
528	0	59	1
560	1	59	0
552	2	59	1
516	3	59	0
476	4	59	0
500	5	59	0
528	6	59	1
512	7	59	0
232	8	59	1
136	9	59	1
156	10	59	0
112	11	59	1
212	12	59	1
156	13	59	0
548	14	59	1
172	15	59	1
168	16	59	1
108	17	59	1
92	18	59	0
108	19	59	0
336	20	59	1
500	21	59	0
492	22	59	0
480	23	59	1
492	24	59	0
260	25	59	1
872	26	59	1
504	27	59	1
504	28	59	0
472	29	59	1
532	30	59	1
500	31	59	1
528	32	59	0
512	33	59	1
472	34	59	0
520	35	59	1
500	36	59	0
480	37	59	1
484	38	59	0
492	39	59	1
484	40	59	1
512	41	59	1
492	42	59	1
476	43	59	0
460	44	59	1
432	45	59	1
468	46	59	0
448	47	59	1
428	48	59	1
584	49	59	1
488	50	59	0
504	51	59	1
464	52	59	1
432	53	59	0
492	54	59	0
416	55	59	0
492	56	59	0
448	57	59	0
420	58	59	1
420	59	59	1
396	60	59	1
444	61	59	1
556	62	59	0
484	63	59	1
512	0	60	-1
496	1	60	0
544	2	60	1
512	3	60	1
512	4	60	1
504	5	60	1
500	6	60	0
468	7	60	1
304	8	60	1
116	9	60	1
212	10	60	1
88	11	60	1
188	12	60	1
244	13	60	1
548	14	60	0
204	15	60	1
168	16	60	1
180	17	60	0
80	18	60	1
76	19	60	0
320	20	60	1
480	21	60	1
500	22	60	1
512	23	60	1
496	24	60	0
328	25	60	1
864	26	60	1
444	27	60	0
432	28	60	0
492	29	60	0
480	30	60	0
512	31	60	1
544	32	60	0
492	33	60	1
460	34	60	1
440	35	60	1
464	36	60	0
476	37	60	1
524	38	60	0
504	39	60	1
500	40	60	0
500	41	60	1
544	42	60	0
500	43	60	0
496	44	60	0
496	45	60	1
468	46	60	0
500	47	60	0
472	48	60	0
684	49	60	1
444	50	60	1
464	51	60	1
476	52	60	0
428	53	60	0
512	54	60	1
500	55	60	0
444	56	60	0
456	57	60	1
416	58	60	1
428	59	60	0
460	60	60	1
536	61	60	0
456	62	60	0
452	63	60	1
512	0	61	-1
444	1	61	1
516	2	61	0
472	3	61	1
476	4	61	0
504	5	61	0
464	6	61	0
448	7	61	1
288	8	61	1
112	9	61	1
96	10	61	0
212	11	61	0
144	12	61	1
360	13	61	1
548	14	61	1
284	15	61	1
252	16	61	1
268	17	61	0
248	18	61	0
256	19	61	0
232	20	61	1
444	21	61	1
488	22	61	1
484	23	61	0
332	24	61	1
480	25	61	1
792	26	61	1
400	27	61	0
472	28	61	1
492	29	61	0
528	30	61	0
496	31	61	0
520	32	61	1
496	33	61	1
476	34	61	0
464	35	61	0
496	36	61	1
528	37	61	0
556	38	61	0
520	39	61	0
448	40	61	0
508	41	61	0
508	42	61	0
528	43	61	1
512	44	61	0
508	45	61	1
504	46	61	1
468	47	61	1
476	48	61	0
436	49	61	0
628	50	61	0
480	51	61	1
488	52	61	0
524	53	61	0
500	54	61	1
484	55	61	1
420	56	61	1
440	57	61	0
436	58	61	1
472	59	61	0
452	60	61	0
432	61	61	1
460	62	61	0
468	63	61	0
512	0	62	-1
476	1	62	1
448	2	62	1
456	3	62	1
480	4	62	1
484	5	62	0
496	6	62	1
480	7	62	0
256	8	62	1
140	9	62	1
112	10	62	1
208	11	62	1
200	12	62	0
492	13	62	1
448	14	62	0
244	15	62	1
264	16	62	1
248	17	62	1
224	18	62	0
156	19	62	0
184	20	62	1
460	21	62	1
448	22	62	0
500	23	62	1
264	24	62	1
652	25	62	1
676	26	62	1
532	27	62	0
488	28	62	0
476	29	62	0
540	30	62	1
484	31	62	1
516	32	62	0
508	33	62	0
460	34	62	1
444	35	62	1
456	36	62	1
476	37	62	0
504	38	62	1
436	39	62	1
488	40	62	0
480	41	62	0
504	42	62	0
516	43	62	1
544	44	62	1
504	45	62	1
496	46	62	1
476	47	62	0
468	48	62	1
320	49	62	1
720	50	62	1
476	51	62	1
460	52	62	1
520	53	62	1
528	54	62	0
480	55	62	1
488	56	62	0
476	57	62	0
484	58	62	1
476	59	62	1
452	60	62	0
468	61	62	1
448	62	62	0
480	63	62	0
512	0	63	-1
540	1	63	0
496	2	63	0
436	3	63	1
496	4	63	1
496	5	63	0
572	6	63	0
492	7	63	0
236	8	63	1
168	9	63	1
80	10	63	1
204	11	63	1
192	12	63	1
420	13	63	1
468	14	63	0
232	15	63	1
48	16	63	0
256	17	63	1
268	18	63	1
180	19	63	1
248	20	63	1
464	21	63	1
472	22	63	1
484	23	63	1
228	24	63	1
816	25	63	1
592	26	63	1
488	27	63	0
448	28	63	0
452	29	63	0
544	30	63	0
452	31	63	1
532	32	63	1
516	33	63	1
432	34	63	1
372	35	63	0
452	36	63	1
492	37	63	0
468	38	63	0
544	39	63	1
524	40	63	1
444	41	63	0
496	42	63	1
476	43	63	0
484	44	63	0
480	45	63	1
496	46	63	1
472	47	63	1
512	48	63	0
428	49	63	1
448	50	63	0
460	51	63	1
432	52	63	1
352	53	63	0
496	54	63	1
472	55	63	1
468	56	63	0
412	57	63	1
452	58	63	1
504	59	63	0
472	60	63	1
448	61	63	0
424	62	63	0
504	63	63	0
