479	506	147	341	212	356	275	296	525	150	256	444	201	235	300	351	390	261	356	272	291	266	385	304	324	274	240	378	312	348	254	425	335	322	439	292	240	365	440	482	276	447	289	176	305	178	328	297	298	216	377	304	176	294	266	464	372	307	293	453	416	407	232	321	0	0	-1
82	99	19	38	17	32	26	33	66	26	27	26	13	13	24	26	36	20	29	28	28	35	43	32	47	17	18	46	36	34	23	44	47	33	46	30	39	47	35	59	34	64	24	5	29	27	23	38	26	42	38	40	14	30	38	46	41	30	32	50	53	48	24	25	1	0	0
84	78	16	42	17	43	30	30	37	15	22	27	12	23	17	45	48	14	37	20	24	18	37	31	36	28	24	29	23	48	13	37	30	17	42	13	27	23	34	38	25	49	31	6	36	15	22	18	36	25	25	32	14	20	36	35	52	19	27	54	56	43	13	12	2	0	0
74	81	7	28	23	27	24	25	31	16	16	31	22	19	37	17	21	20	34	9	18	12	51	30	34	24	12	18	19	23	6	28	25	8	37	13	36	32	25	35	25	29	25	3	35	14	16	7	35	25	24	17	8	18	23	32	41	13	24	29	34	38	17	14	3	0	0
41	58	11	39	22	28	21	16	29	8	26	11	3	25	3	52	33	13	34	22	24	22	35	19	29	20	10	40	15	21	19	28	18	28	29	23	14	34	37	31	32	40	12	19	19	9	16	33	21	19	19	22	18	11	20	36	27	23	34	51	28	16	20	24	4	0	0
49	76	20	39	30	41	38	22	62	12	33	50	17	32	21	43	29	20	40	30	43	20	52	19	34	20	34	55	29	47	40	48	43	43	53	26	27	43	55	47	43	68	30	25	24	23	28	39	38	26	49	39	23	27	33	59	32	30	42	56	47	31	21	32	5	0	0
13	51	13	30	24	31	36	20	35	8	39	39	14	24	25	41	32	17	27	15	29	13	44	21	30	16	21	44	22	27	25	38	38	30	42	28	17	46	40	36	30	50	24	12	29	13	29	30	15	23	38	22	19	13	38	46	24	22	37	39	45	31	26	21	6	0	0
-28	33	-1	22	21	21	25	-2	6	2	16	7	4	17	-2	25	29	12	23	8	9	17	36	5	5	6	9	28	-1	19	3	18	10	15	25	13	-5	31	30	12	17	37	12	11	19	6	22	21	5	12	19	11	11	1	29	11	9	17	16	22	35	21	11	11	7	0	0
-81	-45	-6	-10	0	-8	-8	-7	-24	-9	-3	-25	-17	-13	-15	-37	-21	-5	-21	-18	-13	-10	-1	-15	-18	-14	-15	-20	-10	-10	-14	-5	-26	-13	-29	-6	-4	-10	-9	-49	-15	-33	-10	-4	-6	-17	-15	-9	-14	-16	-15	4	-10	-14	-8	-34	-26	-27	-24	-12	-28	-19	-10	0	8	0	0
-75	-45	-7	-27	7	-12	-14	-15	-38	-2	-15	-5	-14	-10	-13	-19	-38	-10	-17	-22	-20	-17	-4	-22	-12	-12	-17	-9	-16	-24	-17	-5	-11	-24	-29	-16	-2	-4	-14	-31	-3	-21	-13	-12	2	-8	-17	-12	-17	-11	-17	-19	-7	-12	-13	-21	-15	-20	-19	-35	-29	-30	-27	-1	9	0	0
-97	-86	-28	-47	-17	-45	-27	-25	-72	-13	-21	-33	-12	-27	-30	-38	-49	-22	-41	-23	-37	-38	-23	-26	-35	-27	-23	-42	-37	-32	-33	-59	-41	-42	-53	-34	-19	-29	-46	-45	-33	-47	-15	-31	-14	-20	-35	-38	-40	-36	-49	-40	-19	-16	-38	-44	-43	-33	-48	-54	-49	-51	-18	-16	10	0	0
-91	-106	-25	-71	-37	-50	-37	-24	-76	-18	-33	-39	-13	-34	-47	-60	-50	-20	-41	-25	-32	-32	-53	-35	-44	-33	-36	-64	-33	-38	-33	-65	-57	-43	-55	-29	-29	-60	-57	-63	-38	-67	-28	-24	-37	-25	-45	-39	-44	-37	-42	-42	-19	-22	-49	-36	-39	-37	-52	-73	-63	-65	-21	-27	11	0	0
-7	-11	9	-14	-3	3	2	10	-4	1	7	8	4	3	-3	-5	10	6	0	12	-6	-14	7	1	0	10	4	10	6	4	1	-7	4	2	5	14	9	-18	-3	-16	6	-5	5	-1	5	-1	6	7	0	-14	2	-6	-2	5	-9	8	14	9	-9	6	7	2	9	2	12	0	0
-22	-86	-12	-41	-18	-34	-24	-7	-61	-23	-22	-24	-4	-23	-18	-62	-49	-12	-34	-28	-36	-43	-58	-23	-21	-25	-23	-38	-25	-41	-16	-58	-29	-29	-33	-22	-22	-64	-39	-49	-27	-93	-17	-18	-20	-17	-38	-36	-26	-32	-24	-36	-15	-22	-50	-49	-45	-21	-40	-55	-61	-56	-17	-25	13	0	0
-11	-98	-11	-56	-20	-53	-26	-19	-42	-13	-22	-30	-18	-18	-26	-42	-34	-22	-25	-33	-23	-38	-48	-17	-19	-30	-35	-34	-20	-38	-17	-45	-36	-35	-63	-28	-26	-40	-50	-47	-35	-60	-35	-23	-44	-13	-35	-26	-31	-30	-30	-36	-25	-27	-41	-31	-28	-22	-43	-46	-66	-48	-9	-30	14	0	0
29	-30	-3	-20	-7	-27	-11	-1	-11	-2	0	-1	3	-3	-9	-9	1	8	-3	7	-5	-6	-21	-5	-12	-6	-4	-7	-4	-8	15	-7	-12	-5	1	-13	-7	-2	2	-8	-17	-27	-4	2	-2	7	-6	3	2	-20	2	-22	10	7	-5	7	0	0	-11	-8	-16	-18	5	-4	15	0	0
20	63	-4	27	5	1	1	-4	6	8	14	-4	-3	3	19	-11	7	7	-3	1	4	16	13	3	-1	13	-3	4	-1	2	-7	7	19	12	12	-6	19	9	13	-1	6	22	-7	4	5	0	2	8	4	18	6	3	3	1	24	0	27	13	19	10	19	24	-3	-1	0	1	1
7	19	-4	1	-8	-15	-4	-12	-23	-6	-25	-26	5	5	2	-30	-16	-6	-26	-5	1	-20	-12	-16	-14	-12	-17	-27	-22	-25	-15	-18	-15	1	-23	-24	-4	-21	-17	-32	-12	-18	-31	-8	-11	0	-19	-16	-23	-4	-17	-18	-11	-17	-9	-17	-14	1	-20	-10	-17	-20	-3	-31	1	1	1
8	15	-6	1	-15	-30	-9	-36	-47	-7	-25	-36	-15	-18	-4	-36	-17	-8	-29	-12	-13	-12	-8	-27	-15	-16	-17	-27	-26	-24	-30	-18	-20	-12	-23	-20	4	-27	-15	-30	-18	-32	-39	-18	-15	-11	-16	-17	-17	1	-22	-22	-6	-24	-11	-35	-16	-1	-20	-17	-15	-26	-9	-26	2	1	1
10	11	1	5	-1	-8	-11	-16	-3	-9	-7	-7	-2	-4	4	-16	-3	6	-10	7	-10	1	-15	-2	-20	-10	-12	-6	-4	-10	-15	8	-3	18	-6	3	-14	-3	-13	-14	-4	-15	-22	11	-5	5	-2	5	-2	-5	1	-3	4	-19	-5	-13	-6	13	-9	2	-9	-12	4	-8	3	1	1
4	28	-1	8	-10	-24	-3	-27	-6	-10	-8	-12	-9	-7	-13	-2	-11	-7	-13	-2	10	3	-3	-5	-6	-2	-2	-3	-1	1	1	6	7	11	-15	6	-7	-5	-4	-16	-13	-5	-26	0	-13	2	6	-4	6	-1	-3	-1	12	-5	4	11	-11	3	6	15	-7	-9	-10	-16	4	1	1
-11	18	0	18	-6	-8	-1	-20	-1	-8	0	3	-5	-7	-3	12	-2	-5	4	-2	4	5	-12	-10	-23	6	16	-15	-13	-8	1	9	-3	1	5	-16	2	-2	-14	-14	-7	3	-8	7	-3	-7	-9	0	-9	-10	-1	5	13	-12	13	-16	-6	-9	5	-1	-3	3	0	1	5	1	1
38	88	15	47	19	37	36	9	34	8	36	36	20	25	27	57	46	25	31	21	23	35	32	13	21	29	35	34	23	43	20	47	36	38	35	37	20	32	34	48	33	62	24	18	33	10	41	26	28	19	39	25	38	23	37	47	39	26	34	61	67	51	16	23	6	1	1
-2	-8	1	5	-5	0	0	-8	-17	-1	5	5	-3	1	-7	19	5	-1	4	0	3	3	-4	-6	-5	16	6	-4	-4	9	4	15	-3	3	-12	11	-1	8	-2	3	-5	5	-1	3	0	1	7	1	-5	0	-2	-6	17	4	0	4	-1	5	-1	4	10	6	-9	0	7	1	0
-9	9	-4	7	-4	1	1	-10	-20	1	-1	10	6	-11	7	6	4	2	2	-3	0	6	-6	4	-3	11	14	-13	-10	5	-11	5	0	-7	-9	8	13	3	-8	17	-12	-7	7	-1	4	-7	7	-18	1	5	-4	-2	6	15	10	-8	3	-2	-12	2	0	9	-9	8	8	1	0
-30	-80	-17	-44	-23	-35	-33	-30	-59	-11	-23	-29	-2	-28	-25	-44	-35	-30	-18	-26	-30	-39	-49	-25	-24	-10	-22	-56	-21	-37	-36	-41	-45	-29	-39	-30	-15	-36	-38	-39	-33	-64	-14	-28	-24	-7	-37	-33	-28	-12	-45	-30	-20	-3	-33	-38	-30	-37	-48	-31	-53	-28	-18	-18	9	1	0
77	20	16	21	16	46	28	48	54	17	28	55	35	29	34	47	40	34	38	25	29	19	22	33	53	26	23	41	37	33	28	40	28	39	63	40	11	35	54	76	21	34	47	17	47	26	37	28	36	31	35	32	26	44	22	64	56	31	17	40	36	40	31	41	10	1	1
83	0	23	20	21	29	12	48	44	14	18	46	16	35	28	23	20	15	32	16	19	14	11	25	41	37	11	45	35	25	20	14	30	8	39	19	29	7	28	49	13	18	27	12	34	15	19	30	27	16	21	27	16	37	-10	37	28	14	18	32	12	20	21	20	11	1	1
2	-36	-10	-18	1	-7	-9	5	8	3	0	1	-3	1	-15	-7	-14	-1	-8	-4	-16	-15	-17	-2	5	-4	-5	0	-3	-5	-3	-14	-9	-5	-9	4	-16	-10	-7	-2	-8	-24	-10	2	-8	0	-12	1	-8	-5	-13	12	-8	-1	-14	-5	-8	-7	3	-17	-17	-25	7	4	12	1	0
-39	-54	-2	-39	-8	-35	-12	1	-16	-4	-7	-15	-23	-15	-28	-20	-32	-13	-14	-11	-15	-18	-37	1	-16	-12	-10	-12	-7	-22	3	-24	-16	-15	-26	-8	-11	-21	-20	-35	-10	-48	-17	-18	-28	1	-19	-11	-12	-26	-17	-16	-10	0	-23	-25	-22	-17	-22	-22	-37	-19	-7	-6	13	1	1
-50	-68	-4	-31	-16	-25	-6	-3	-2	-4	-10	-4	-8	1	-18	-16	-28	-12	-7	-7	-21	-12	-25	-8	-1	-10	-10	-5	9	-14	-1	-22	-28	-21	1	10	-20	-20	-12	-15	-12	-24	-7	-5	-27	6	-12	-21	-4	-18	-17	-9	-16	-6	-20	-11	-28	-19	4	-27	-34	-31	-3	-7	14	1	1
-42	-19	5	5	12	7	7	-2	11	-4	1	16	6	7	-7	9	15	10	18	1	15	-2	9	-10	-5	-2	9	17	9	10	9	2	2	5	16	17	6	9	4	8	9	12	10	5	15	9	6	4	15	-3	11	8	1	9	2	3	-1	5	0	8	-11	18	3	25	15	1	1
92	78	11	43	23	29	18	19	45	8	12	33	18	16	33	12	34	21	26	31	26	18	21	9	42	16	9	24	13	14	3	48	27	5	42	15	13	22	34	30	13	40	13	24	28	20	5	31	13	27	24	21	14	3	31	36	36	14	17	30	37	50	15	5	0	2	1
93	81	5	38	13	13	13	14	43	9	14	21	15	23	32	18	21	19	29	20	34	31	32	24	26	19	13	22	16	17	7	31	30	31	41	7	21	34	33	40	4	50	12	13	14	19	16	18	15	29	30	20	10	8	46	30	36	23	22	35	43	50	8	0	1	2	1
72	77	7	36	17	22	28	22	30	5	22	26	10	24	31	29	42	19	44	22	34	25	33	29	24	29	16	21	-1	14	17	41	15	19	50	9	31	30	32	23	18	48	7	8	18	6	12	26	10	7	25	25	11	16	34	41	36	24	26	38	44	30	13	17	2	2	1
63	53	15	36	17	30	18	18	38	11	23	33	19	15	27	34	37	24	41	21	25	18	20	23	30	15	25	29	32	23	10	30	16	19	44	27	13	20	31	32	20	40	25	7	21	13	15	24	27	32	23	25	11	24	32	29	28	23	23	46	44	36	13	9	3	2	0
59	32	12	22	14	27	20	13	29	11	5	27	9	15	19	29	11	32	43	5	13	22	33	23	29	12	14	19	20	33	5	25	18	6	39	17	16	26	31	7	23	36	14	8	30	11	13	9	17	17	15	15	3	6	15	30	8	17	25	27	37	35	9	15	4	2	0
66	81	23	51	29	41	31	29	42	9	29	42	20	28	31	29	49	35	41	20	30	22	55	21	41	32	30	23	35	43	21	53	34	29	43	18	24	30	43	36	32	61	36	10	37	14	23	27	28	28	34	32	13	17	38	39	45	25	29	37	56	50	12	28	5	2	1
-2260	-1864	-327	-1379	-673	-1041	-875	-306	-880	-486	-462	-1141	-559	-643	-1027	-596	-1146	-1059	-1068	-378	-887	-851	-1193	-782	-871	-822	-570	-613	-315	-806	27	-1326	-842	-498	-1499	-661	-661	-1198	-1285	-1532	-376	-1694	-540	-493	-866	-319	-815	-484	-644	-1037	-987	-841	-294	-606	-1165	-763	-962	-514	-560	-898	-1512	-1418	-129	-315	6	2	1
-841	949	73	206	154	-276	298	-18	447	-100	218	382	-206	-90	-195	405	9	-119	177	203	50	352	42	-13	-406	-148	99	639	340	182	935	119	584	458	98	172	-84	142	-90	357	351	605	-184	206	-361	227	68	507	335	-204	136	169	379	168	197	525	62	396	656	230	420	-111	262	419	7	2	0
-1140	-11	-172	-11	3	-160	-1	-370	-376	-143	-206	-298	-186	-248	-169	-187	-79	-123	-7	-112	-331	-6	17	-178	-370	-75	-54	-178	-179	-286	-89	-166	-15	-42	-291	-13	-176	-1	-146	-190	-62	-8	-87	-11	-344	-31	-2	-187	-150	-24	-31	-186	-9	-358	1	-563	-370	-153	-85	-274	-262	-168	-291	-262	8	2	1
-61	-69	-15	-38	-20	-24	-22	-27	-32	-15	-17	-21	-20	-23	-28	-39	-32	-20	-32	-18	-18	-26	-41	-26	-28	-23	-28	-29	-19	-30	-8	-48	-25	-24	-39	-23	-23	-35	-42	-41	-14	-24	-22	-16	-22	-14	-23	-21	-30	-16	-13	-21	-13	-25	-23	-39	-26	-23	-18	-45	-27	-34	-19	-29	9	2	1
-22	-39	-6	-30	-6	-14	-3	3	-15	-6	-9	1	-3	-6	-7	-18	-3	-3	-7	-8	-8	-11	-7	-16	-9	-6	-7	-10	-7	-9	2	-29	-14	2	-21	-14	-14	-15	-8	-26	-7	-28	-13	-13	-1	-6	-11	-2	-22	-3	-3	-20	-8	6	-24	-13	-3	-10	-11	-10	-33	-27	0	-1	10	2	1
-45	-54	-5	-33	-13	-21	-22	-6	-14	-13	-11	-13	-7	-16	-22	-19	-24	-13	-20	-7	-19	-28	-21	-18	-16	-18	-4	-27	-20	-26	-5	-13	-29	-8	-35	-15	-12	-10	-22	-26	-10	-38	-3	-7	-4	-17	-16	-12	-24	-18	-18	-22	-10	-1	-23	-9	-8	-14	-11	-30	-43	-23	-5	3	11	2	1
-33	-45	-9	-18	-11	-2	10	3	-13	2	-5	2	-6	-9	-4	-8	-12	-4	-6	-18	-6	-4	-31	-1	-9	-5	-6	-11	-3	-17	4	-9	-23	-1	-5	-5	-8	-6	-2	-14	-9	-26	3	-3	3	-6	-10	-6	-1	-14	-2	4	-3	6	-11	2	-15	0	-14	-14	-6	-5	-8	4	12	2	1
-7	-36	4	-3	-6	2	8	12	9	7	8	18	10	3	-6	2	-2	-1	-8	-3	3	5	-4	8	12	5	12	7	4	4	15	16	-1	13	4	18	6	8	5	3	5	-32	2	-2	3	3	12	-5	-3	-16	9	7	5	13	-9	6	-10	15	5	5	-4	1	14	27	13	2	1
-9	-45	5	-12	1	-1	2	2	12	2	4	22	8	1	-5	14	-9	12	14	7	-6	-7	-4	7	-9	-7	-2	-10	10	2	12	12	12	5	-4	24	-7	-2	3	10	1	-11	3	20	2	7	18	1	22	-23	16	-4	3	17	-24	23	-6	9	-5	0	-2	-12	20	13	14	2	1
-20	-17	4	-8	-10	-16	-7	-10	-4	-5	-7	-11	-8	-6	-17	13	-14	-2	5	-1	-1	-11	-10	-12	0	-10	7	2	-4	-3	-2	-10	3	6	-18	2	-9	-10	7	-9	-6	-23	-16	5	-9	-6	-2	-4	6	-16	16	0	3	-4	-15	10	-14	-3	-2	-7	-2	-22	8	-7	15	2	0
-7	62	1	30	13	2	17	2	16	-7	8	-12	0	-3	6	-3	19	13	-14	2	10	20	33	12	15	13	16	2	4	3	-5	19	12	10	10	-8	18	31	9	-19	9	28	1	0	1	-13	7	2	2	16	12	-3	9	-15	32	-8	24	-11	14	10	11	33	-3	-2	0	3	1
0	24	4	3	11	0	7	-3	6	3	6	-6	20	5	8	3	8	13	-20	-8	8	6	17	-4	5	2	-10	-14	-17	-9	-13	-5	1	-4	5	-1	7	18	8	-1	5	1	-5	-2	-1	-5	-2	-8	-1	9	13	-20	1	39	5	-17	7	-8	0	-2	-5	11	57	12	1	3	1
-11	14	-5	15	5	2	-8	-13	-13	-6	6	-13	8	11	1	-16	4	-2	0	-7	5	1	6	-2	-5	1	-5	0	-8	3	-10	2	2	1	-12	8	0	-6	1	-22	3	-3	-3	-4	-11	-5	18	1	-10	-6	3	-14	5	-1	13	-15	5	-4	-3	-9	-8	4	-11	-1	2	3	1
26	26	9	27	5	31	24	-6	6	5	5	2	11	9	10	33	20	11	24	5	18	22	14	8	-1	17	-6	5	1	11	-14	18	4	19	6	-1	11	14	24	12	23	25	1	9	12	1	10	10	12	4	8	-2	10	-2	17	4	7	18	8	34	21	17	1	0	3	3	1
60	6	15	16	4	24	15	9	14	1	4	3	10	9	9	14	21	16	5	1	4	3	0	13	6	6	10	1	2	14	-4	14	16	16	26	11	9	10	32	5	-2	0	3	12	11	11	11	8	7	-1	14	-6	10	19	8	0	7	16	-13	11	16	17	-1	2	4	3	1
-291	-943	-148	-22	29	65	42	42	56	17	14	30	-151	38	-63	29	70	-140	25	23	42	64	-112	44	39	37	32	57	-56	65	10	-158	-307	-151	58	40	-33	50	52	-60	27	84	22	24	-90	23	40	25	56	-202	60	-140	27	23	-241	41	-120	-52	31	-116	70	-109	16	29	5	3	0
34	176	-104	-186	-81	-164	44	54	-191	-41	-211	29	-109	-102	123	-240	-344	-157	-252	-230	-129	51	-26	-205	165	7	-236	27	-20	-177	30	-20	-133	-135	-419	-87	59	70	-157	109	-218	467	-182	-190	-253	-187	150	26	-201	35	102	36	-23	-307	181	-43	-96	-196	-178	-208	-158	-6	-243	-56	6	3	1
1407	463	14	634	137	345	54	-108	53	109	-184	153	163	72	479	-287	222	504	11	-319	250	76	280	-95	435	174	-1	-181	-116	-29	-308	283	232	-117	527	43	303	130	268	477	-180	182	-300	30	366	84	-96	130	-188	385	-84	409	-164	-81	279	-242	407	-93	-123	-265	296	132	-252	-109	7	3	0
1204	877	133	258	236	-22	86	108	216	-158	379	231	-33	193	114	229	379	193	67	364	479	73	253	156	11	120	-30	-66	-70	-18	313	-41	143	286	0	-512	-9	-46	-44	-309	146	117	8	107	62	17	-164	305	31	-83	-16	-173	205	-33	258	359	335	370	440	129	423	24	146	-346	8	3	0
-429	23	-15	-207	-67	-433	-279	-245	-523	-139	-291	-446	-179	-20	-384	35	-221	-213	-136	-72	-182	0	-60	-239	-412	-162	0	-152	-223	-325	-78	3	-122	-76	-660	24	-76	5	-362	-276	-224	-21	-90	12	-158	-199	21	-144	-158	-340	-163	-305	19	-371	-12	-317	-312	-197	7	-223	-29	-155	6	-52	9	3	1
-122	-19	-1	-8	-3	4	1	-32	10	7	-8	9	0	1	1	17	3	-4	14	9	-3	-9	-14	0	-70	1	6	11	9	-6	20	-4	10	1	3	12	-5	6	0	-68	2	-2	-3	-4	9	5	-2	-2	11	-1	3	8	3	5	-4	11	4	4	-4	1	-5	0	-37	5	10	3	1
21	-4	13	-9	-5	7	7	11	14	2	-2	31	-1	-2	10	6	-1	-2	7	5	0	-6	-4	5	13	5	5	21	16	16	20	-7	18	5	-5	12	-3	-6	-16	15	6	0	8	-4	7	11	-4	-2	-6	6	1	15	7	10	-6	19	-4	18	6	-2	4	-8	16	5	11	3	1
12	-31	13	-1	9	11	4	18	24	4	16	23	7	11	0	23	12	5	20	12	20	5	-4	11	8	-2	19	22	28	12	40	9	18	12	17	9	5	10	5	31	8	9	24	8	10	9	19	13	26	-2	19	3	19	19	-5	31	16	24	23	28	7	0	13	6	12	3	1
-10	-50	7	-32	-5	10	8	12	11	2	1	20	0	-4	-17	2	-13	-11	-2	-9	-8	-10	-16	1	-1	-9	-1	9	7	7	12	-4	6	-4	8	18	-7	-5	-5	-1	14	-13	6	5	-4	8	-8	4	7	-10	6	3	1	5	-9	9	-8	-1	-7	3	-16	-21	9	15	13	3	1
-60	-65	-1	-24	-12	-2	-16	-3	-23	-1	-21	-16	-4	-9	-16	-1	-25	-9	-4	-20	-12	-14	-12	-8	-19	-19	-7	-9	-2	-11	-6	-18	-16	-24	-16	-6	-7	-4	-16	4	-10	-17	-4	-14	-15	-4	0	-18	-10	-16	-17	-3	-14	0	-25	-14	-28	-15	-15	-21	-35	-21	-5	20	14	3	1
-65	-40	0	-9	3	-8	-5	-5	-7	2	-3	-2	1	-7	-5	0	-9	-17	9	8	6	1	-12	4	1	-7	4	1	-11	8	11	-18	2	-6	-14	-12	-15	-3	-1	0	3	-6	10	4	-18	7	5	0	4	1	4	4	-9	-8	-11	9	-6	-3	1	5	-20	-10	1	15	15	3	0
70	97	13	47	29	34	23	23	46	18	30	40	33	25	42	27	55	38	28	30	18	41	43	27	39	33	24	34	29	40	7	64	35	26	53	34	34	42	56	54	17	45	36	21	31	18	26	32	26	45	20	33	11	31	40	42	35	30	24	51	50	59	22	26	0	4	1
32	51	4	16	3	3	8	15	11	7	10	4	17	14	18	11	11	16	3	4	16	16	17	5	3	11	9	6	2	4	-4	8	4	6	14	13	7	20	11	18	5	25	16	-5	9	10	1	8	9	19	3	4	2	6	19	11	7	3	15	18	23	21	10	3	1	4	1
30	73	6	24	18	3	6	5	31	5	19	27	13	13	22	17	22	19	28	14	17	26	25	18	17	17	8	25	12	9	5	25	23	26	29	11	13	27	34	40	6	26	11	1	17	14	9	7	6	28	18	18	8	10	25	20	25	18	21	41	19	38	4	3	2	4	1
-975	-969	-157	-254	-139	-113	-33	-309	-432	33	-141	-116	-142	-132	-269	33	-103	-299	-30	-133	-108	-118	-261	-146	-348	60	-28	-448	-305	45	4	-350	-304	-309	85	-185	-2	-176	26	-278	-128	-449	-138	9	-135	26	-131	-178	-158	-452	-335	-278	20	25	-194	-16	-299	-304	-177	-173	-139	-324	10	25	3	4	0
-1627	-1216	-349	-1097	-530	-1041	-724	-652	-1146	-336	-720	-861	-703	-788	-836	-771	-1133	-725	-591	-381	-660	-550	-963	-988	-764	-864	-624	-741	-256	-848	291	-1089	-574	-912	-1301	-650	-794	-1009	-1230	-1038	-549	-992	-819	-432	-998	-99	-752	-481	-534	-703	-966	-667	-414	-760	-563	-756	-1033	-745	-288	-1421	-1061	-1235	-280	-590	4	4	0
-424	-501	-129	-293	-5	-296	-195	-53	-360	48	-193	-162	-175	-202	-89	-94	-334	-223	41	-141	19	-43	-341	-247	-188	-227	-17	201	-89	-116	436	-355	62	-127	-230	-224	-198	-104	-201	-59	121	-22	-242	-56	-257	-144	-71	85	-59	-196	-107	-85	-149	-239	-102	175	-152	26	362	-388	-193	-323	106	79	5	4	0
597	24	78	561	274	553	365	-108	1113	204	274	703	421	308	408	371	355	559	595	216	361	135	597	476	559	359	582	21	86	549	-1	358	320	263	542	473	104	481	682	679	239	302	469	234	310	179	451	332	470	285	409	387	164	229	144	343	296	179	387	546	379	495	91	133	6	4	1
-1068	260	-175	-291	-194	-564	-206	-529	-519	-447	-234	-948	-466	-261	-628	-202	-465	-464	-431	-167	-337	-238	-143	-397	-692	-516	-236	-202	-255	-475	3	-247	-81	-25	-828	-293	-470	-172	-681	-754	-174	-205	-616	1	-458	-208	-413	-260	-250	-196	-367	-365	-53	-565	57	-444	-319	-275	-178	-440	-404	-638	-311	-355	7	4	1
-1359	-517	-388	-1037	-498	-1096	-504	-347	-1108	-505	-574	-655	-493	-830	-632	-1063	-963	-857	-928	-350	-876	-871	-1083	-746	-773	-823	-791	-997	-254	-1075	-240	-1234	-1052	-903	-1257	-835	-489	-1061	-1150	-1244	-774	-1084	-411	-617	-953	-298	-1015	-662	-611	-505	-1157	-642	-491	-663	-811	-733	-574	-732	-870	-883	-1058	-857	-434	-743	8	4	1
-81	644	-246	-9	-53	-422	-222	-461	-446	-14	56	15	-140	-186	12	8	256	-347	-254	162	-7	-42	-2	-433	-226	-37	-58	-115	-328	-77	94	-269	-49	-260	11	-296	-219	-476	-215	-507	-128	-125	-299	-4	-144	-115	-225	46	-95	-134	-101	-260	-4	-327	62	116	-83	-130	42	-437	108	150	39	-203	9	4	0
97	147	23	-11	-155	-58	-138	-161	-313	-115	-198	-425	-260	-88	-99	12	-16	-420	-202	-9	-138	-120	-61	-138	-33	-183	45	43	-133	-426	-105	-159	-45	79	-451	-102	17	21	-293	-661	12	115	-78	-136	-239	-94	-160	-100	-165	-16	-91	-311	-176	-450	89	-114	-275	234	96	-372	-9	52	162	-99	10	4	0
-46	-50	-14	-33	-16	-18	-13	-7	-29	-2	-17	-15	-2	-13	-11	-22	-20	-9	-30	-11	-23	-21	-35	-12	-18	-17	-18	-12	-12	-24	-9	-30	-19	-15	-15	-9	-11	-19	-27	-31	-15	-30	-6	-11	-16	-6	-10	-9	-11	-19	-21	-13	-10	-11	-34	-8	-12	-9	-19	-29	-13	-19	-9	0	11	4	1
-1	-37	-3	-14	-8	-4	-3	7	-13	2	-7	9	3	-1	4	0	-8	0	-17	-17	-13	4	3	-9	32	-13	0	3	-2	6	-3	-6	4	-9	-6	7	-2	-3	-5	2	-7	-9	3	-15	-1	-5	20	-2	-6	-11	-5	-14	2	-4	-9	0	-8	4	-7	-27	-7	-5	3	4	12	4	1
-2	-62	1	-15	-14	0	2	10	5	-10	2	8	-1	-9	-8	-4	-6	16	-4	-6	-7	-8	-20	2	4	-3	-1	-4	10	-8	4	3	-6	-7	3	8	-9	-12	-2	2	-6	-20	-2	-10	9	-1	2	0	-6	-13	-3	0	4	5	-25	-8	4	-1	-12	-7	-8	-7	3	17	13	4	1
43	-18	14	6	4	29	19	20	25	20	8	37	19	23	17	27	31	29	20	1	-1	23	13	28	29	30	9	22	21	32	4	28	6	14	47	33	14	12	34	38	18	5	20	9	25	11	25	7	27	7	25	8	5	24	-8	36	19	18	6	30	12	16	21	33	14	4	1
-18	-33	-10	-15	-17	-17	-7	-13	-23	-5	-24	-8	-7	-7	-7	-6	-19	-17	-27	-22	-10	-9	-30	-6	-10	-10	-10	-12	-14	-23	-5	-33	-18	-20	-10	-7	-21	-27	-22	-13	-13	-25	-14	-5	-18	-13	-15	-24	9	-16	-8	-16	2	-5	-25	-17	-17	-17	-17	-22	-27	-26	-3	-12	15	4	0
-74	5	-15	-21	-4	-30	-16	-35	-33	-8	-8	-39	-20	-16	-29	-8	-32	-20	-21	-3	-27	-1	-18	-23	-38	-15	-12	-20	-17	-27	-5	-17	-12	-11	-36	-28	-13	-16	-21	-52	2	-16	-19	-8	-25	-11	-26	-16	-18	-12	-34	-18	-4	-28	-5	-20	-21	-19	5	-26	-23	-28	-8	-10	0	5	1
-10	58	6	23	13	10	13	6	30	5	21	11	1	15	13	25	15	8	10	23	7	14	28	20	5	12	12	24	9	25	24	16	37	16	11	14	14	26	24	10	23	29	17	3	5	11	26	18	19	-4	17	16	13	4	18	21	22	14	31	24	25	24	10	23	1	5	0
-1276	-1196	-126	-533	-106	-337	-248	-273	-376	-238	-100	-231	-119	-100	-567	73	-221	-259	-103	-109	-245	-419	-540	-99	-619	-372	-112	-411	-268	-68	51	-375	-242	-253	-233	-265	-588	-233	-478	-293	-207	-615	-115	45	-204	-65	-246	-261	-96	-628	-400	-351	-64	57	-416	-63	-348	-264	-254	-216	-291	-634	43	-110	2	5	0
-1217	-1272	-383	-875	-550	-808	-503	-438	-1260	-220	-709	-687	-545	-625	-614	-757	-1039	-525	-800	-705	-717	-367	-864	-780	-685	-710	-635	-679	-336	-774	-124	-786	-514	-821	-1087	-506	-630	-739	-942	-745	-536	-693	-791	-479	-777	-130	-602	-453	-377	-542	-784	-623	-301	-600	-720	-925	-781	-695	-546	-1170	-943	-1119	-451	-525	3	5	0
6	-19	3	-19	-8	-18	-10	6	-10	-6	-8	-11	-4	-6	-9	-11	-17	-6	-10	-7	-15	-10	-20	-12	-2	-11	-10	-3	-1	-15	1	-13	-6	-14	-18	-4	-9	-15	-16	-5	-10	-9	-3	-8	-10	-3	-7	-3	-3	-13	-18	-6	-9	-5	-15	-4	-11	-16	-5	-16	-11	-23	4	-6	4	5	1
51	21	9	22	8	20	10	13	4	1	15	61	4	21	18	15	10	12	54	5	15	12	4	17	-1	0	34	42	3	17	7	13	29	22	24	14	0	15	10	40	14	28	29	9	12	5	8	7	17	11	11	5	11	4	34	12	18	13	65	19	50	7	1	16	5	5	1
-16	26	82	75	126	7	193	-1	320	10	362	121	120	34	-12	257	485	182	550	402	299	291	401	29	47	124	164	207	58	167	497	137	327	430	330	137	34	253	397	496	100	354	31	587	43	250	136	448	304	3	440	256	53	94	144	386	136	214	392	562	321	68	236	457	6	5	0
-337	1050	-4	105	-71	-235	-198	-175	-202	-266	276	-546	-228	-273	-136	-18	215	-1	-421	510	159	150	-244	-119	-68	-223	-144	-375	-208	157	-24	-237	-72	153	-44	-412	-156	-71	-324	-76	222	51	-110	-66	-281	-198	-238	-211	-226	37	-284	43	160	-394	361	-374	-62	-320	52	230	-15	467	-173	-198	7	5	1
1235	42	-17	64	-268	364	29	249	-519	240	-264	-219	32	93	357	-559	-234	13	-529	-210	-288	126	5	-218	234	-70	-228	-139	9	-292	-522	72	-131	-314	-267	-94	254	-195	49	142	-342	-9	65	-351	373	-121	12	-389	-361	344	-124	-32	-83	-152	14	-309	-39	-56	-510	-357	28	-186	-486	-213	8	5	0
-284	865	-17	-207	29	-372	-512	277	-318	-235	-282	-242	15	-247	189	-793	-107	-263	-495	169	-604	60	-507	-56	207	-5	-355	-4	98	-637	-309	-393	-327	-199	-279	-422	225	-486	-523	-289	-128	-203	199	-538	-246	-340	-284	-41	-362	197	-319	-26	-254	-253	-74	-382	-51	-62	-239	-123	-140	267	-204	-98	9	5	1
20	-14	10	-13	-3	-12	-6	1	-7	4	-7	-10	-8	-1	-14	9	-6	2	5	9	7	-1	-14	-4	6	-7	6	10	21	1	14	3	14	-1	-7	1	-3	-14	-10	5	3	7	-6	1	-14	11	7	8	5	-13	4	1	3	-1	-1	6	6	-4	12	-6	-7	-18	-6	8	10	5	1
12	-23	-2	-17	-15	-2	-9	8	-12	0	-12	-14	-2	-4	-11	-4	-8	1	-4	-9	-2	-11	-11	-1	2	-11	-7	-9	1	-10	15	-12	-5	-15	-12	-8	-7	-14	-22	0	-5	-4	0	-9	-7	5	-6	1	-4	-19	-14	-4	-11	-8	-9	5	-12	-3	1	-10	-7	-14	2	0	11	5	0
22	-24	2	-8	4	-1	-12	13	1	8	-7	14	6	7	3	17	5	-3	14	3	-1	-2	-3	8	5	5	3	-1	13	13	12	-2	0	-6	1	8	4	-1	-8	17	2	0	9	-4	6	8	7	6	13	-5	-2	7	-7	8	-3	13	8	6	-1	-12	7	1	11	7	12	5	1
20	-26	7	-13	4	12	7	19	20	17	7	32	11	3	2	12	4	8	29	12	-1	1	7	12	21	6	-5	22	34	10	18	7	19	-1	24	13	7	4	18	27	-1	-1	19	-1	14	10	19	4	14	1	1	16	-3	25	-6	36	22	9	-4	12	-6	6	22	21	13	5	1
-2	-39	3	-19	-7	-1	-10	9	-2	4	-7	10	-5	-3	-5	3	-15	-10	1	-10	-5	-17	-20	-2	0	-13	2	1	3	6	8	-17	-13	-9	5	-1	-2	-8	-17	-1	-8	-16	3	-15	-1	2	-6	-8	2	-12	-11	-6	-9	5	-17	-9	-7	-5	-5	-18	-9	-11	3	-1	14	5	1
4	-13	6	-8	2	13	-1	16	2	3	12	12	5	4	1	15	6	1	16	20	10	-3	1	6	5	10	7	17	21	9	4	4	11	5	0	5	2	4	10	14	9	2	14	2	9	7	10	9	6	-2	1	17	4	12	-3	32	16	15	-3	4	3	5	25	25	15	5	1
20	37	3	19	19	4	1	0	20	-2	3	0	0	11	10	10	-4	-3	13	3	6	-2	10	5	12	9	2	11	7	1	-3	22	15	9	5	3	-3	11	8	19	2	22	2	6	6	3	3	9	8	14	2	6	4	0	21	7	2	15	18	10	20	11	6	-7	0	6	1
-7	73	-4	1	2	-6	1	-1	-2	2	-8	-9	-1	2	-6	3	-3	-12	-19	6	1	6	12	3	-1	-6	0	4	0	-3	2	3	9	9	16	5	8	-3	-3	11	1	10	7	-8	-5	2	-2	-1	-3	14	-4	12	0	3	11	-1	0	5	0	2	9	-3	-3	-5	1	6	1
-844	-1203	-214	-847	-538	-741	-511	-317	-1139	-215	-687	-440	-543	-608	-614	-643	-864	-491	-763	-624	-615	-512	-821	-654	-526	-563	-617	-496	-27	-757	-179	-747	-595	-826	-1129	-451	-454	-820	-934	-699	-521	-831	-713	-446	-613	-197	-660	-365	-475	-544	-729	-437	-295	-402	-680	-928	-616	-561	-592	-1148	-1057	-931	-276	-356	2	6	1
34	-27	5	-2	4	14	5	11	18	16	8	1	0	13	12	-1	-4	0	12	1	16	5	5	0	12	9	7	13	8	11	8	3	-2	-5	11	-11	12	-3	28	7	11	5	-1	0	9	6	7	19	4	8	7	14	-1	7	1	20	11	3	2	16	-11	-5	-2	3	3	6	0
42	10	8	11	2	14	17	6	26	10	15	18	3	9	8	12	12	9	1	3	20	6	9	8	10	3	7	10	9	26	13	18	8	5	27	9	1	10	16	11	7	13	-2	6	13	13	3	9	9	2	1	12	6	8	9	27	10	9	5	18	15	8	6	13	4	6	0
19	7	12	15	1	7	9	8	23	3	9	16	6	1	7	22	4	42	7	6	19	9	16	6	19	10	3	16	0	13	7	5	20	28	21	17	4	16	8	24	3	12	10	5	3	0	20	3	10	0	20	6	-1	12	-2	8	4	12	12	-2	9	9	14	15	5	6	0
315	357	125	507	9	170	37	320	361	139	198	128	10	183	277	546	270	367	129	367	271	183	191	413	157	351	170	293	136	285	-23	-4	23	443	218	180	53	221	291	286	209	-9	54	262	287	131	366	160	503	-6	456	177	320	132	52	329	145	260	225	263	77	99	420	175	6	6	1
-371	158	-118	-280	-166	-292	-222	-236	-245	-119	-216	-305	-152	-191	-244	-287	-324	-206	-275	-37	-238	-218	-135	-240	-266	-214	-201	-316	-104	-209	-214	-333	-187	-245	-362	-242	-202	-292	-364	-344	-222	-339	-236	-152	-236	-143	-263	-239	-229	-159	-312	-237	-146	-225	-177	-264	-287	-263	-241	-330	-343	-336	-2	-106	7	6	0
1059	257	271	467	226	352	624	627	1296	124	377	1208	137	413	320	979	205	192	350	740	518	359	255	475	302	44	270	996	886	202	1278	746	692	978	407	409	146	648	575	410	554	563	195	422	58	610	340	897	815	-24	566	454	622	557	328	1172	618	810	954	689	404	221	608	778	8	6	0
-270	1090	-111	622	203	144	345	-229	-252	-280	90	-279	-300	-63	246	-39	342	-83	-192	22	39	165	459	-61	1	66	-17	-139	-78	-143	-53	541	-106	2	-225	-293	165	391	-94	-63	59	852	-228	147	41	-199	-182	422	-131	253	9	299	213	-391	590	-230	248	-165	80	287	366	183	-384	-50	9	6	1
-45	-43	-14	-21	-2	-30	-20	-17	-26	-9	-22	-16	-17	-17	-26	-28	-25	-23	-17	-9	-17	-17	-21	-21	-6	-20	-17	-12	-8	-10	-8	-30	-22	-13	-29	-13	-12	-31	-27	-31	-11	-29	-14	-9	-20	-13	-1	-12	-11	-18	-26	-15	-4	-15	-23	-24	-23	-14	-17	-34	-30	-35	-3	-19	10	6	0
-39	-44	-6	-18	-18	-15	-11	-4	-4	-3	-5	-15	-7	-5	-10	-7	0	-11	-1	-1	-8	-1	-11	3	-9	1	1	1	1	-15	7	-13	-9	-1	-3	-8	-2	-14	-7	-15	-4	-16	-6	-10	-18	2	2	-1	-11	-21	-1	-8	2	-1	-10	-7	-12	-2	4	-8	-20	-18	2	-4	11	6	0
-311	3	-15	85	40	122	25	-31	28	-38	51	-21	28	-28	30	-45	0	36	52	22	-48	12	104	-21	49	32	95	19	26	7	16	82	15	14	105	35	46	3	116	72	65	17	5	45	45	-30	-7	61	7	85	-9	47	30	53	47	-19	44	-50	27	-14	9	1	-18	15	12	6	0
-34	-64	-7	-32	-17	-29	-23	-13	-32	-9	-17	-9	-3	-17	-23	-25	-24	-9	-23	-26	-21	-11	-27	-26	-24	-17	-7	-17	-16	-11	-2	-35	-11	-17	-20	-10	-20	-29	-28	-28	-15	-46	-13	-16	-19	-5	-18	-14	-9	-31	-20	-20	-10	-3	-35	-21	-23	-20	-21	-33	-27	-34	-5	-3	13	6	1
31	-40	5	-20	-6	6	3	23	4	11	-10	30	12	5	-3	9	-5	9	-6	-8	-11	-6	-9	19	10	0	4	-2	18	18	8	2	4	-7	5	7	-1	11	7	14	2	-3	11	-8	6	6	16	-1	9	-10	4	5	1	13	-19	7	2	4	0	-3	-14	-12	17	25	14	6	1
10	-60	-7	-27	-8	-4	-1	-3	-14	3	-15	11	5	-6	-2	-11	-23	3	-32	-8	-10	-19	-29	-10	3	-2	-7	-15	-6	-11	-3	-22	-6	-14	-12	-5	-18	-20	-12	-11	-10	-34	-6	-14	-9	-1	-9	-5	-3	-13	-12	-12	-11	4	-33	-4	-18	-17	-19	-16	-28	-28	2	-2	15	6	1
16	9	-3	18	10	11	17	6	12	4	6	4	-2	1	8	2	16	18	1	5	9	7	14	9	10	2	10	-3	-7	12	-4	3	7	12	25	7	4	12	21	1	1	0	-3	4	16	8	5	2	17	1	8	3	-3	4	13	9	3	-3	6	16	18	5	-5	-2	0	7	1
-2	16	0	11	5	-6	4	-7	-9	-5	-5	-9	-9	9	0	-3	9	2	-5	7	1	3	-1	4	-1	5	0	-14	-3	1	-1	12	-1	3	2	-1	-4	11	-11	4	0	7	-10	0	-13	-1	13	1	7	-3	-13	-9	-5	-11	8	-5	-9	-6	7	17	2	4	-1	-3	1	7	1
-242	-2481	-283	-747	-452	-276	-296	-277	-856	-183	-623	-593	-304	-289	-280	-762	-681	-271	-744	-637	-585	-580	-574	-283	-276	-319	-399	-760	-364	-605	-847	-577	-1053	-1116	-743	-222	-330	-567	-406	-822	-595	-870	-403	-417	-253	-132	-275	-600	-439	-360	-470	-435	-455	-449	-862	-890	-688	-874	-1211	-1066	-1142	-821	-620	-407	2	7	0
19	36	9	14	9	14	16	10	28	9	13	14	5	15	11	17	13	11	12	15	12	11	18	19	11	9	12	17	13	22	18	20	19	17	17	8	11	16	22	9	22	15	11	8	9	10	15	20	18	1	18	14	11	9	10	25	20	13	23	34	20	15	11	16	3	7	0
-8	22	1	8	-3	-17	13	-11	-15	-2	9	-8	-12	-8	-6	14	4	-10	15	2	5	11	-7	10	-18	-5	4	62	8	-1	19	12	60	14	1	-4	-5	11	-11	1	26	22	-20	10	-16	7	17	5	8	-2	59	4	5	-7	14	14	-5	17	16	8	18	-2	5	3	4	7	1
217	117	71	195	88	174	106	49	387	76	232	224	96	118	172	246	204	150	266	193	189	120	244	175	250	208	147	79	67	222	104	293	134	61	173	139	150	311	238	158	123	226	183	80	170	50	208	125	86	66	211	182	147	82	304	160	164	55	154	206	207	361	35	164	5	7	0
-40	-114	-43	-83	-61	-84	-72	-53	-150	-39	-66	63	-55	-68	-64	-102	-79	-77	-98	-68	-81	-77	-104	-55	-35	-36	-70	-97	-59	-105	-80	-106	-79	-85	-117	-73	-46	-105	-100	74	-72	38	-79	-59	-76	-44	-75	-33	-75	-52	-72	-35	-49	-56	-64	32	-97	-64	-87	-123	-114	-95	-51	-78	6	7	0
95	428	-10	-39	-24	-36	-29	-13	-46	-10	-34	-36	134	-9	-26	-34	-42	-24	-41	-13	-40	-27	-16	-9	-32	-11	-26	-22	-5	3	-17	-26	51	92	-46	-19	-17	-44	-51	-39	-9	-46	-15	-24	-30	-16	-12	-10	-24	94	-31	89	-20	-22	43	-2	118	-16	-20	70	-44	-24	-6	-27	7	7	0
956	22	257	36	314	145	93	89	328	183	344	686	452	71	363	339	256	741	756	411	379	-32	-164	236	28	339	53	174	263	354	280	80	461	547	681	391	-65	-17	253	522	109	46	280	178	326	328	66	169	196	243	64	254	-35	263	179	615	459	477	36	443	-41	-27	149	16	8	7	0
516	1347	139	961	457	439	466	-153	560	-10	478	295	-23	258	257	369	719	411	348	401	466	317	835	152	365	360	417	189	48	653	15	769	326	473	559	251	442	624	619	389	468	805	39	536	472	127	234	407	150	447	344	427	360	10	782	421	354	67	425	748	597	515	-57	216	9	7	1
21	-4	-1	11	3	3	2	13	3	1	1	20	6	-7	15	1	7	7	5	7	8	2	-10	3	12	13	-6	2	14	0	3	6	-1	10	2	-3	15	-2	8	5	-5	12	11	3	11	-2	0	2	3	4	10	6	3	7	-2	12	4	13	-14	-1	5	15	2	4	10	7	1
5	-311	12	-58	-17	21	-22	16	11	4	-7	16	-21	-4	-20	7	-2	4	15	2	2	-14	-44	0	7	-1	5	0	12	3	2	-47	-22	-36	-24	-2	-23	1	1	-11	4	-29	21	4	11	9	1	7	-14	-50	8	-29	-2	10	-43	7	-22	-22	-5	-79	-45	-40	7	8	11	7	1
598	313	167	388	238	480	331	299	668	138	329	466	287	306	277	435	479	360	342	282	278	182	495	378	391	316	318	305	369	451	191	512	230	301	503	384	245	340	507	410	250	310	384	247	437	228	349	162	323	203	394	254	210	365	252	477	349	312	155	508	398	430	222	399	12	7	1
-4	-48	-3	-16	-6	-9	-7	-7	-12	0	-10	-4	3	-4	-10	-9	-5	-3	-7	-7	8	-4	-7	-12	-5	-11	-7	-11	-17	-8	-8	-18	-11	-11	-4	-1	-14	-10	-8	-17	-12	-21	-5	0	0	-3	-6	-7	-3	-11	-1	-8	-10	-3	-11	-4	-2	-9	-10	-19	-18	-17	-10	1	13	7	0
27	-38	12	-10	-1	13	3	15	16	4	4	8	10	4	6	-1	-10	9	6	1	-9	-12	-3	9	19	-2	3	11	7	-5	6	4	12	-7	7	15	6	7	11	7	-5	-17	13	0	12	7	10	7	3	-8	4	1	-5	14	-15	10	7	12	-6	-12	-4	1	9	10	14	7	1
36	-18	6	-8	-1	9	11	15	9	6	2	7	7	4	5	0	4	11	9	-2	8	-5	6	1	10	-3	-3	5	3	-3	3	9	10	5	16	15	-1	-5	11	9	-2	-7	-1	0	11	-3	2	-3	6	3	16	8	-6	1	-7	10	10	12	-11	-1	-4	-6	12	11	15	7	1
-26	-7	-3	-19	-6	0	-2	-12	-25	7	2	-11	1	-6	-7	-2	-6	-11	-15	2	3	4	7	-5	-8	-7	-5	-12	6	8	8	-4	-9	2	-2	-16	-13	-3	-6	0	12	4	-7	-4	1	1	-12	-11	-11	4	-6	-12	-3	3	5	2	-15	-3	0	-5	-3	-5	2	-3	0	8	1
22	32	3	32	5	16	10	-2	17	6	2	20	2	1	23	14	17	5	12	11	13	12	12	9	9	16	13	18	16	3	8	19	16	3	12	15	14	17	8	15	7	30	13	1	12	1	15	16	9	14	10	29	9	-2	23	8	20	9	24	19	24	12	8	20	1	8	1
-762	-2218	-138	-732	-171	-127	-275	-267	-283	-56	36	129	-16	-153	-507	188	-52	-295	90	-123	-93	-441	-514	-113	-403	-435	-54	-335	-273	-82	168	-332	-403	-75	-171	-127	-623	-142	-143	-311	-119	-863	28	129	-15	-33	-259	-310	-134	-468	-195	-267	-47	33	-408	-64	-288	-81	-258	-484	-599	-674	-8	49	2	8	1
58	0	3	-1	6	10	1	6	24	4	1	16	10	5	11	0	1	12	2	2	8	-3	0	2	17	2	5	0	10	6	0	-3	9	-3	8	2	2	1	4	9	5	-9	6	-2	20	4	4	8	-1	13	1	11	-2	3	-3	2	7	1	4	-2	0	0	8	-1	3	8	1
20	-6	-4	0	-3	-14	-10	-6	0	-1	-3	-9	-5	-6	1	-3	-14	-13	-10	-2	0	-1	-2	-16	1	-7	1	6	-3	-15	3	-8	5	4	-11	-7	-6	3	-10	5	-3	1	-16	-4	0	-1	-6	8	-8	8	-6	4	0	-14	6	1	-1	3	5	-17	-3	-13	-3	-13	4	8	1
64	115	23	70	97	11	17	28	131	23	53	84	33	84	37	50	54	22	91	86	58	62	38	49	109	34	73	180	32	65	96	62	98	56	74	26	55	82	51	74	52	54	61	36	33	18	31	57	64	26	37	54	43	41	75	94	65	65	129	149	84	88	68	40	5	8	0
402	1056	132	104	-31	-11	-42	-5	-18	5	103	-42	124	7	125	-28	31	131	-50	42	-37	74	194	-16	-45	-34	-36	99	151	-30	-32	262	286	263	-32	5	30	-41	-67	120	-14	37	-54	-24	127	-28	-43	-32	-23	380	1	132	-23	-23	251	-7	140	137	-24	92	-31	258	-31	28	6	8	1
400	-372	-33	-542	41	174	-173	227	205	222	-28	-93	298	253	48	-254	-198	332	-47	86	-67	-43	-357	327	152	55	-264	-446	109	46	-410	218	-284	-202	188	-26	208	-5	-15	116	-139	-813	357	-3	175	80	56	-317	46	-187	7	-87	-185	201	-506	-42	202	-14	-520	160	-313	-51	-6	141	7	8	0
858	1061	202	655	150	152	392	241	851	168	399	657	391	414	322	471	516	428	798	353	584	380	815	504	243	312	234	311	152	522	-91	757	596	771	851	558	617	946	785	976	329	792	209	283	137	364	619	547	161	371	605	671	304	378	432	390	461	521	465	1110	655	755	162	530	8	8	1
-396	1011	13	-202	-80	-296	-303	174	-64	48	70	58	53	-98	45	-139	12	-149	-249	360	294	57	-53	-161	18	221	-147	-40	80	-316	207	-250	-234	61	-464	-527	30	-406	-498	-415	-132	-151	279	-222	-373	-110	-215	-109	-288	-42	50	-362	106	-74	106	-128	-1	122	388	-198	-174	463	-28	-87	9	8	1
286	-194	10	-17	23	67	-30	43	13	-6	-58	31	74	16	54	-62	-2	114	12	-19	-55	-28	-63	2	67	3	31	-111	-60	-3	-79	-39	-42	-101	20	-24	5	-29	13	46	-54	-159	68	-7	85	-23	10	-51	-22	1	-77	-44	-3	45	-69	-97	0	-34	-81	-35	-63	0	-17	-54	10	8	0
-267	-409	-19	-68	-13	-25	-59	22	-25	-8	31	-21	-4	-11	-12	-25	-18	8	27	-25	-43	2	-57	30	12	32	-3	11	-5	-26	26	-62	-18	-26	-60	4	2	-1	21	-22	17	-42	10	5	-18	-16	-9	-2	-11	-65	7	-47	14	40	-43	-26	-1	-43	-14	-28	-77	-33	-42	22	11	8	1
-43	-297	-44	-19	-10	0	-19	-39	-1	-5	-5	-23	15	2	-45	30	-38	-5	42	-51	-3	-68	-42	-22	-47	-36	29	-18	-28	-14	26	-27	-39	-29	-15	23	-67	2	14	-40	-36	-73	-12	43	21	0	-19	-30	35	-51	-53	-46	-3	-3	-34	24	-26	-23	-7	-62	-50	-88	16	-20	12	8	1
-29	-25	-16	55	-3	18	48	4	-22	-11	-14	61	-12	-13	-4	-5	38	33	21	-20	-1	15	-19	-15	-23	-23	5	-16	-18	-8	0	-11	14	-16	89	-9	-20	-12	12	-18	-7	57	32	-3	-9	-2	-7	-24	26	-13	-5	0	3	29	-11	-26	24	-8	15	16	27	0	-13	-12	13	8	1
-56	-99	-9	-36	28	61	-20	-6	5	31	-32	-67	-58	39	-67	2	-53	54	-2	7	-41	-15	23	0	26	-52	-33	11	18	54	-25	40	-10	-1	-22	75	-15	-3	-8	-22	4	-33	-9	-15	56	6	39	-35	20	-44	-16	-3	-27	-50	-43	-12	4	4	-40	-49	-61	-76	-52	67	14	8	0
11	-24	-1	-11	-1	3	-4	4	-10	4	-7	5	2	-4	0	-3	2	2	2	-16	1	-6	-14	-1	0	-5	-2	8	13	-3	15	-6	0	-6	-5	8	-8	-15	5	4	-5	-13	-5	5	-6	3	-2	2	5	-4	1	-4	-3	1	-19	5	0	7	4	-11	-7	-14	5	6	15	8	1
-229	147	-57	-41	-50	-16	-15	6	44	-28	-6	-186	-144	-82	-45	-121	-181	-191	-145	-11	-51	-24	-7	-129	55	-73	28	73	54	-56	92	-139	10	-81	-127	-142	0	-44	-21	-94	100	-25	-109	-79	-29	-35	-66	65	-93	150	-122	40	46	-99	79	-50	-34	-85	65	-143	-101	-37	-54	-56	0	9	-1
-415	106	-49	177	80	141	122	-17	236	27	112	223	-18	49	28	254	253	99	175	120	88	161	155	180	11	93	70	178	120	222	217	203	146	97	206	145	32	135	101	141	134	212	79	211	-53	117	148	190	235	-223	184	117	59	140	102	272	68	59	163	185	270	210	96	311	1	9	0
-1311	-1428	-272	-987	-479	-513	-501	-79	-845	-139	-760	-582	-360	-459	-619	-622	-700	-497	-619	-495	-768	-286	-853	-444	-533	-528	-478	-301	-94	-831	-188	-940	-335	-513	-655	7	-426	-753	-676	-472	-438	-859	-163	-542	-682	-222	-224	-513	-361	-509	-476	-504	-383	-125	-803	-860	-673	-409	-662	-1180	-907	-872	-228	-321	2	9	1
-19	-5	-2	-4	3	-10	-1	-6	0	-4	0	2	-3	-8	-9	1	-3	0	4	-1	-6	0	-7	-12	-17	-13	0	3	-9	-7	6	-13	9	11	-2	-2	-4	-5	-7	2	-1	-1	-7	2	-6	0	-5	7	-4	-3	-13	0	5	5	-4	-8	-4	0	2	4	-1	-11	0	-7	3	9	1
-11	-21	1	2	-2	16	12	-3	7	-5	2	18	-15	-2	-9	10	4	3	3	-1	-3	2	13	-2	-6	-1	11	5	8	6	-1	-4	-4	1	27	-2	9	4	7	-3	6	37	30	-3	-5	4	15	3	-6	-7	-4	-3	7	-9	6	-4	-7	-10	-4	-2	3	-10	-15	-4	4	9	1
-34	-12	-5	-14	-8	-19	-10	-5	-19	-3	-5	-33	-13	-9	-26	-9	2	2	-7	6	-10	-7	-1	-15	-8	-1	-1	-2	-3	-15	5	-6	-6	-5	-6	-2	-2	-12	4	-26	5	-4	0	-4	-15	-2	-8	-5	-3	-20	-14	-13	3	-7	-4	-4	-20	-11	0	-4	-2	-9	1	-4	5	9	1
306	2169	97	1294	190	706	361	146	341	46	82	331	74	206	744	1	799	57	118	354	427	575	930	138	598	542	478	447	223	163	-102	859	489	539	585	97	668	622	739	452	430	1290	364	-97	353	-18	401	468	-20	879	533	601	319	48	985	50	441	385	494	654	1001	955	-69	-148	6	9	1
-622	1146	-121	-37	-167	229	-213	472	102	211	-199	-192	-5	-122	403	-497	-117	-189	-491	151	-266	180	137	252	522	-136	-45	240	370	-190	-201	-343	39	-189	26	161	259	-246	55	79	358	-79	455	-592	-104	-217	160	-141	-156	366	-186	-24	-244	375	-53	-73	129	78	-149	-93	-50	579	26	261	7	9	1
-383	283	72	85	-48	-278	62	100	-30	-17	-22	203	45	-49	7	-45	-93	174	374	172	202	100	342	-7	-144	-21	4	-52	-73	208	80	205	51	281	103	230	310	289	325	368	-8	334	9	8	-118	68	321	65	-295	141	180	184	99	10	65	17	-188	134	41	372	-5	237	-245	411	8	9	1
815	-691	183	24	123	236	188	272	737	90	84	558	358	202	195	127	306	285	349	39	70	36	321	312	432	175	278	214	174	420	-99	251	-1	-46	460	295	92	360	376	539	13	152	307	47	416	81	370	212	220	110	275	230	-127	468	-117	410	309	213	-94	116	383	134	506	347	9	9	1
-1740	-224	-507	-187	-156	-532	-262	-961	-603	-166	-327	-827	-305	-375	-579	-317	-720	-391	-411	-361	-405	-103	-446	-429	-669	-409	-161	-451	-392	-509	-266	-348	-351	-401	-603	-204	-468	-218	-558	-431	-368	-271	-636	-113	-613	-154	-527	-340	-171	-249	-544	-353	-91	-601	-158	-576	-677	-477	-113	-356	-523	-491	-486	-393	10	9	1
-364	-39	84	203	34	251	209	146	421	28	165	288	90	141	209	118	289	118	206	154	150	218	164	255	176	154	164	337	383	249	255	301	195	156	281	370	116	199	334	326	134	316	202	127	-42	110	288	180	242	82	345	243	88	199	157	251	151	155	164	211	217	236	34	316	11	9	1
-279	-229	-63	-144	-84	-148	-79	-235	-246	-53	-150	-302	-150	-79	-230	-15	-165	-147	-96	-90	-113	-58	-163	-96	-306	-194	-53	-44	-46	-162	-60	-152	-56	-40	-294	-45	-153	-67	-177	-225	-128	-108	-138	-2	-190	-44	-98	-119	-34	-128	-111	-96	-38	-189	-52	-172	-149	-66	-49	-218	-183	-215	-147	-113	12	9	1
394	-19	39	6	12	55	27	69	66	35	13	27	48	66	87	-13	-45	41	-14	-50	58	-33	9	-5	99	15	18	38	30	-1	-13	1	9	-17	35	-11	6	-1	33	36	5	-25	-17	-25	73	24	-20	25	-8	100	-2	37	-39	1	18	55	61	3	-6	-7	1	-53	-2	-56	13	9	0
297	-149	18	5	-45	-21	-39	16	71	25	13	80	76	-11	27	-15	-27	-2	6	-72	14	-4	-70	26	96	26	12	-78	-38	61	-44	-33	-81	-69	100	-43	1	-61	34	83	-26	-63	15	-27	-26	28	-72	-39	-26	2	-31	-6	-25	76	-57	-13	50	8	-32	-15	3	-24	18	-8	14	9	0
-784	-181	-132	-161	-18	-145	-48	-86	-264	-57	-51	-144	-99	-172	-236	-31	19	-164	51	-29	-137	46	2	-53	-102	-19	-28	-108	-76	-47	14	-108	-107	-72	6	-108	28	-8	19	0	1	-71	-2	20	-132	-53	-50	-144	-76	-118	-54	-140	34	35	6	-170	-173	-134	-123	-80	-186	64	-53	49	15	9	0
341	-119	-82	-4	26	-38	-6	-133	-253	76	-96	-112	21	5	-24	-202	-6	-8	-200	-160	-37	-13	24	-83	97	-16	-9	-244	-253	41	-323	-59	-201	-249	89	-160	19	-69	17	-61	-118	-80	27	-96	5	-51	-120	-268	-164	75	-177	-74	-108	-87	22	-248	-166	-173	-201	-196	-110	57	-143	-150	0	10	1
-2	-1023	-85	6	-63	34	69	-187	-87	77	-122	127	45	-12	-40	-135	70	23	36	-157	-9	-100	-124	-23	255	136	96	-299	-147	37	-222	-142	-337	-349	267	-162	70	39	241	-84	-57	-146	147	-81	-58	-9	-27	-102	-100	-189	-31	25	-83	127	-152	-136	-83	-133	-140	-38	-116	-47	-86	-43	1	10	0
-110	-86	-31	-64	-44	-69	-10	-11	-124	-40	-64	-7	-51	-51	-50	-87	-77	-58	-82	-54	-65	-56	-79	-59	-61	-54	-56	-75	-56	-79	-7	-82	-89	-70	-107	-66	-42	-87	-93	-45	-66	-54	-61	-40	-68	-39	-68	-59	-66	-44	-42	-62	-31	-63	-53	-74	-76	-71	-72	-95	-95	-83	-58	-16	2	10	1
6	8	2	13	6	13	8	13	10	-1	9	10	6	5	11	12	13	12	13	8	4	9	9	14	11	9	8	8	9	5	7	10	6	12	9	9	8	7	14	9	8	12	14	8	10	2	10	3	8	13	18	7	10	6	7	3	12	11	2	14	4	14	5	10	3	10	0
18	-15	1	-1	3	6	5	-3	9	0	8	9	10	4	-5	13	0	7	17	2	5	-12	3	1	4	-1	9	-1	-3	6	9	12	-1	8	3	0	-5	8	2	2	-3	-11	0	11	10	4	2	5	4	-1	-2	6	2	5	8	11	8	9	-2	6	-2	-8	4	2	4	10	0
32	27	15	22	15	27	24	29	41	14	23	40	15	16	22	31	33	25	33	26	26	20	33	22	26	23	20	31	27	30	26	33	27	25	33	29	19	30	35	41	24	36	24	14	24	14	31	26	22	12	34	25	11	24	20	38	24	25	28	31	34	32	24	33	5	10	1
326	1121	65	689	477	454	306	23	764	180	699	422	400	367	675	387	471	584	1161	696	652	290	895	588	697	693	555	348	247	520	140	877	506	342	582	139	399	904	767	850	599	806	297	397	694	237	540	425	259	762	643	519	224	154	991	872	421	71	645	941	689	942	158	194	6	10	1
13	192	-65	266	-58	47	225	61	99	-173	-20	634	-104	-149	150	-391	273	127	257	514	91	-241	165	-61	372	101	6	248	228	-459	111	-335	-134	161	-244	-128	309	-156	95	-477	-86	259	273	-221	-213	146	-77	241	-227	151	-70	382	-121	-180	131	-15	503	369	105	-247	39	-37	-167	56	7	10	1
-328	-252	-35	-247	-98	-395	-90	-316	-339	23	-158	131	-11	-143	-220	-190	-190	-357	64	-167	61	-195	-180	-284	-144	-369	-131	-36	-305	-30	166	-246	64	153	180	-30	-316	-137	-279	117	-79	-144	-183	-35	-413	57	-232	3	-358	-118	-237	-90	-367	-142	70	13	-449	193	89	-497	-48	-40	-90	64	8	10	1
15	-433	71	-119	-136	-144	-137	179	33	-32	-68	-38	-60	105	-16	-57	-113	-208	-181	-168	-148	87	-403	-34	-103	-52	28	31	-126	38	312	-173	134	-65	41	9	87	-139	-167	-117	13	-224	-105	-50	-132	20	-7	-36	7	-93	-120	-143	112	176	-87	214	198	34	7	35	-67	136	-136	-110	9	10	0
-111	484	-6	-158	-120	-248	-338	192	-467	-227	-214	-479	-99	-65	-98	36	-105	-257	-60	-48	-32	-246	-68	-74	-126	-261	-263	-399	-167	-232	-200	-236	-300	-59	-395	-473	-112	93	-183	-357	-184	-167	128	-160	-175	-357	-106	-216	-451	22	-375	-283	-187	-57	190	-97	-21	-143	-173	-109	-84	-18	-22	-263	10	10	0
-72	-992	-116	-577	-86	-464	-357	-111	90	-101	-28	-154	-136	-242	-312	-138	-528	-135	-158	-6	-233	-570	-529	-120	-54	-203	-242	-169	-316	-253	260	-677	45	-421	-485	-165	-370	-417	-529	-541	-24	-944	-243	-180	-181	-100	-92	-318	-319	-203	-297	-170	-216	-48	-298	-196	-427	-272	-138	-516	-626	-439	-98	-152	11	10	0
1187	802	252	349	110	125	104	406	722	230	347	333	176	287	435	230	295	126	422	485	299	199	64	407	395	340	287	476	271	340	535	272	521	243	349	-84	130	186	420	347	428	135	155	93	145	200	170	515	338	223	125	353	271	197	248	824	474	331	608	930	387	206	464	156	12	10	0
491	381	172	280	223	323	560	205	694	162	360	511	-13	328	152	679	335	143	404	232	362	284	422	472	229	76	225	677	541	556	675	589	589	479	440	386	22	476	400	441	523	619	-41	429	161	384	359	468	598	-22	590	397	338	229	301	847	490	436	530	818	534	-59	343	545	13	10	0
-26	-960	-118	-328	-205	-369	-129	-186	-432	-73	-328	-129	-232	-196	-221	-119	-426	-124	-162	-338	-186	-217	-474	-284	-231	-245	-221	-282	-143	-198	248	-308	-150	-397	-286	-231	-333	-266	-311	-244	-141	-307	-474	-77	-318	34	-206	-125	-24	-373	-302	-192	-61	-160	-329	-147	-228	-288	-75	-402	-420	-731	-62	-137	14	10	0
993	-73	117	-54	-54	-73	40	-21	-33	1	-70	-62	-93	57	-112	49	-115	-25	-73	-60	56	-48	-205	-79	-48	-217	-44	-16	-139	-49	130	-145	1	12	-80	-97	-204	-160	-166	-9	-71	-46	-151	-2	-66	35	-91	33	46	-89	-102	26	-27	-165	-101	96	24	53	70	-112	35	-329	59	-34	15	10	0
-56	28	0	35	25	42	9	-18	-29	7	31	-29	14	-11	-24	84	59	29	20	31	24	40	65	19	18	5	34	-86	41	67	18	79	-8	10	11	17	24	64	57	20	25	15	25	24	41	15	37	20	49	-24	19	7	0	16	41	25	5	20	37	9	76	96	-2	60	0	11	1
-501	-1447	-91	-854	-116	-431	-233	-61	-239	17	-36	-129	-8	-171	-459	16	-457	-83	45	-184	-199	-334	-557	-126	-400	-298	-219	-256	-103	17	139	-496	-284	-256	-356	25	-352	-401	-351	-185	-254	-828	-146	126	-131	19	-127	-313	69	-505	-201	-334	-177	70	-617	56	-398	-138	-390	-381	-591	-529	83	186	1	11	1
-4	17	3	5	2	6	1	6	-4	-3	-1	5	4	0	4	-5	7	4	-1	4	1	5	7	3	2	2	2	0	5	7	5	5	1	4	5	4	7	-4	9	-1	4	2	8	-1	1	-2	6	-3	-3	4	5	-2	4	3	5	-2	0	6	0	5	-1	8	-2	7	2	11	1
4	23	1	1	2	8	5	3	8	2	-5	1	1	3	6	-1	2	8	-3	3	-3	0	10	5	5	1	4	3	10	7	-1	2	6	2	5	9	9	3	0	0	3	7	7	-4	5	4	5	1	-1	4	2	6	-1	1	0	5	0	-1	-2	5	6	6	-1	4	3	11	1
-4	32	2	-4	-4	-3	-5	-10	-14	-2	0	-14	10	-2	-2	-2	-8	0	-2	-2	-7	-10	3	-5	-17	-8	-2	-7	2	17	-6	-5	4	1	2	6	-6	-15	-8	7	-6	-22	-11	0	11	-3	0	-11	2	0	-16	-6	-9	10	-9	0	-5	-5	-11	7	-8	7	4	12	4	11	1
246	736	106	99	-13	-16	-21	-11	-35	-10	78	-25	105	-14	95	-23	-6	98	-24	-1	-23	-5	95	-16	-21	-15	-12	-5	96	-16	-20	163	208	177	-21	-13	-14	-27	-27	87	-19	-19	-16	-11	94	-12	-16	-20	-16	222	-24	85	-11	-11	165	-30	90	102	-20	76	-21	209	-13	-19	5	11	0
444	-367	40	482	305	640	334	407	942	251	420	591	211	472	281	751	666	303	672	438	566	305	396	570	478	544	462	451	436	527	287	437	344	391	807	456	370	672	812	344	515	400	605	338	437	368	497	492	519	-61	599	354	245	586	318	829	559	508	439	708	520	478	415	385	6	11	1
376	1197	-81	588	223	200	333	205	503	-121	288	-99	85	250	338	445	250	142	189	281	179	102	443	-66	250	276	270	254	-105	-24	-28	-46	474	-119	270	333	289	474	403	-117	579	597	139	188	93	-32	270	148	4	357	195	209	199	-238	623	537	548	-174	535	93	444	445	21	46	7	11	1
-198	-206	24	-52	-19	-272	-53	-135	-280	-128	-21	-55	-88	-66	-239	-59	-107	162	272	-78	64	-102	-5	-73	-253	-144	-166	-138	-214	209	-101	134	-6	28	47	126	0	117	106	197	-193	71	-333	3	-97	99	146	-48	-281	-106	-88	-49	-24	-61	-123	-338	-344	-126	-91	199	-313	-296	-121	132	8	11	0
-118	73	-2	1	79	-27	-18	59	-50	48	-109	88	47	-11	-41	31	-117	1	221	-1	-143	31	95	-35	99	-106	-76	126	9	129	-128	43	-57	96	117	-47	-29	97	-99	51	76	-138	-48	-70	22	-7	-59	-148	84	-22	-170	-36	19	53	-228	10	40	39	338	122	129	36	84	-33	9	11	0
469	87	175	28	26	457	307	211	824	133	-45	386	131	246	199	76	-6	225	-4	32	-163	-195	168	272	297	24	190	86	393	362	175	327	95	-279	456	497	203	-145	330	226	191	-196	183	68	397	346	206	249	304	1	123	321	16	391	-411	69	241	-78	-62	353	100	-23	90	540	10	11	1
-70	263	118	200	124	163	177	40	235	65	166	82	83	160	132	182	216	123	199	180	62	162	152	102	13	103	137	207	140	273	179	208	201	255	159	228	8	174	218	156	182	247	155	128	-3	129	229	111	240	81	165	67	151	48	116	303	120	166	218	304	283	28	60	123	11	11	1
-208	18	16	-29	-23	-58	33	-14	17	-36	0	-50	-81	-7	-87	75	-83	-72	-24	-15	-72	-24	-96	17	-115	-63	-16	55	76	-1	106	-31	46	53	-50	30	-77	-20	-20	-57	10	-19	-72	7	-111	54	-24	9	68	-80	-30	-28	50	-17	-10	48	-44	14	8	48	-11	-147	6	-4	12	11	0
-288	-104	-2	-130	-32	-112	14	-45	-64	-71	-16	-105	-108	-34	-153	12	-176	-137	-62	-21	-88	-88	-96	-58	-130	-135	-44	30	31	-39	86	-105	-19	29	-172	-35	-110	-90	-106	-117	22	-74	-123	-23	-128	14	-57	-11	8	-127	-68	-67	26	-54	-69	-7	-52	-37	-13	-15	-108	-248	-16	-30	13	11	0
-100	127	48	13	15	-31	73	22	46	-27	50	-31	-61	25	-42	89	-54	-38	6	29	25	26	29	7	-38	-28	-8	105	66	26	131	65	78	92	-9	47	-16	23	2	-22	49	71	-81	38	-38	49	34	70	37	-42	37	12	53	-25	31	76	11	48	67	81	7	-68	29	42	14	11	0
-192	-88	-15	-117	-57	-127	-19	-57	-83	-47	-31	-103	-75	-61	-88	-7	-117	-76	-80	-24	-62	-63	-111	-52	-133	-80	-44	-12	0	-50	55	-114	4	-10	-101	-14	-84	-123	-115	-135	-39	-114	-102	-20	-142	21	-53	-49	-45	-105	-97	-93	3	-44	-61	-59	-107	-12	-13	-78	-71	-165	-26	-27	15	11	0
105	100	24	65	43	89	55	5	69	5	25	92	34	69	52	46	56	56	68	26	56	48	86	55	53	36	19	25	8	47	-10	106	41	45	119	42	62	74	57	95	45	94	35	23	81	21	35	63	0	45	71	53	28	20	44	69	67	27	28	55	87	93	20	75	0	12	1
31	-650	-113	-265	-127	-18	-75	8	-433	-20	-111	-125	-27	-119	-150	-125	-201	2	-154	-360	-116	-108	-122	-170	-130	-128	-267	-206	-215	-236	-314	-223	-152	-137	-171	7	-129	-95	-146	-88	-260	-31	-88	-38	-4	-118	-130	-301	-116	-6	-15	-125	-106	-51	-210	-260	-123	-49	-344	-503	-207	-259	-173	-143	1	12	0
575	12	149	111	122	527	49	625	459	38	150	437	339	100	309	153	412	195	164	281	129	139	67	144	465	283	250	236	260	172	138	103	5	133	474	52	278	3	266	301	184	20	695	42	399	13	143	178	71	203	146	162	5	425	42	263	264	274	31	149	160	431	394	283	2	12	1
1	51	-1	24	10	13	11	11	15	6	8	9	14	12	23	6	14	16	12	11	8	18	24	18	7	17	11	4	7	5	7	23	16	12	18	10	16	21	21	16	13	22	15	6	4	4	11	6	16	19	13	11	5	13	27	9	18	7	15	25	18	27	3	10	3	12	1
12	42	6	-18	-2	-7	-5	13	-5	9	-1	0	7	-4	1	-8	-1	4	-5	7	-5	2	-6	0	-8	1	-11	13	13	8	7	1	15	-3	14	9	3	-29	0	14	2	-6	-1	-2	9	13	-1	5	3	8	-1	6	-11	16	-17	6	-1	1	0	3	3	14	14	10	4	12	1
578	1655	155	638	132	227	308	230	315	56	80	178	4	185	368	75	307	242	-2	112	192	385	473	86	273	368	111	304	192	25	-54	380	322	180	258	120	481	351	354	249	237	947	194	-99	83	21	237	340	94	378	383	332	243	-26	452	123	386	126	292	381	679	607	-9	-66	5	12	1
-98	-785	-41	-472	18	-28	-159	43	13	22	135	29	291	-58	-13	118	-248	-35	108	-55	6	-251	-226	35	-13	-260	30	49	132	115	174	-234	127	242	-20	30	-335	-164	-177	106	-43	-660	-2	126	291	54	-24	-185	23	209	-128	38	-177	127	-129	121	41	37	-124	-11	-422	-274	134	232	6	12	1
791	668	167	501	206	525	167	416	706	-18	396	427	318	260	333	310	214	454	467	487	533	144	292	152	277	194	327	190	441	459	17	593	7	402	345	337	552	225	601	268	296	317	474	267	519	212	326	442	335	270	257	549	196	229	337	414	550	252	472	636	475	431	271	420	7	12	1
0	84	78	48	-2	81	-88	28	44	-85	23	-146	114	21	58	9	-5	17	195	-50	91	113	196	-84	49	-8	104	-77	-34	98	-50	153	11	132	78	91	154	77	183	381	-10	151	-14	62	38	-2	53	126	-209	84	-3	103	31	43	46	-110	-22	-101	4	184	-7	67	36	206	8	12	0
-141	-134	-41	-19	-18	-13	-36	-40	-58	-27	-40	-57	-29	-69	-17	-107	-65	-30	-44	-130	-91	-71	-75	-33	12	-2	-55	-79	-69	-26	-87	-86	-55	-104	-27	-48	-14	-79	-39	-42	-28	-100	-40	-54	-26	-93	-59	-112	-51	-18	-89	-22	-54	-53	-71	-113	-41	-116	-59	-3	-63	-61	-91	-34	9	12	0
-8	-724	-49	-168	-51	96	-144	105	-167	212	43	-104	73	-72	-65	-70	174	-1	-66	-72	72	-20	-252	-187	5	-133	45	159	-156	5	-41	-30	-142	30	-47	-53	3	5	-131	80	-68	-94	-3	55	44	-212	-219	-364	-124	-174	40	-224	-8	47	-58	-187	79	125	-51	-436	-34	-259	-19	9	10	12	0
14	500	-63	380	167	-42	-123	-44	388	-105	277	115	-12	-55	165	116	-6	99	342	-96	304	3	271	14	19	242	25	137	-24	-184	-17	31	286	158	73	-76	175	62	2	60	-6	262	-306	188	329	80	-116	271	-149	76	139	197	-85	35	311	-43	234	43	160	151	143	96	71	-151	11	12	1
-156	-157	-75	-58	-40	-10	-37	-1	-67	-18	-66	-28	-11	-80	-38	-63	-86	-20	-41	-87	-70	-74	-84	-93	-1	-70	-15	-73	-42	-55	-66	-105	-81	-132	-43	-54	-32	-79	-47	-77	-34	-119	31	-34	-38	-31	-57	-76	-43	-34	-76	-43	-28	-55	-68	-108	-37	-82	-62	-137	-96	-61	-29	-37	12	12	0
-137	-99	-9	-48	-12	-4	-8	24	19	-41	19	-13	-13	-8	-61	7	32	-5	20	-5	2	-16	-20	5	-38	21	-14	9	-1	27	37	-15	-20	-33	-16	-2	-7	-18	-38	-17	14	45	25	0	-38	-10	6	-20	-18	-82	22	-45	13	-6	-31	18	-55	-39	-12	-9	-8	-18	36	2	13	12	0
85	37	55	-19	28	29	6	47	14	18	7	42	-17	60	-30	62	3	78	47	6	30	1	23	27	21	5	26	28	50	51	56	38	41	0	-18	20	21	5	30	-21	52	61	68	-10	25	35	12	-3	-25	-21	-1	1	-3	-12	69	48	-5	22	40	20	89	-40	47	73	14	12	0
140	26	3	-61	-8	9	-17	0	-152	18	-26	-69	-36	-3	-68	-6	-19	-22	-8	1	-14	-14	-45	-63	-37	-25	-19	-22	-50	9	-23	-5	-81	-54	66	-21	-23	-82	-30	9	-20	2	-5	-1	-22	15	-73	-37	-33	-8	-103	-30	-44	-30	42	-23	-57	-32	-37	-110	-1	-49	-28	-27	15	12	0
-56	92	27	-2	-27	-28	-16	-84	76	-3	-28	-3	6	30	14	-44	-13	-5	-97	25	-81	31	34	-17	-1	-57	16	43	0	6	3	35	18	21	53	60	-15	-13	-17	-67	-2	-58	-17	0	-63	33	14	29	35	-70	-108	13	20	18	-1	38	40	61	38	29	-3	-14	-16	42	0	13	-1
-9	127	3	25	-36	8	-24	-43	-117	-13	-53	10	16	-20	-16	-3	45	-4	12	4	-63	50	-34	-8	-82	10	24	-71	-45	-27	10	30	-19	68	-30	-19	27	-38	-7	30	18	-12	-7	20	-55	0	43	7	7	-34	-22	-16	21	20	39	-12	-9	50	24	51	40	18	-5	-14	1	13	0
45	-72	13	-156	-10	96	-15	448	-119	-81	-42	344	-41	-78	60	-48	113	63	-148	97	31	47	-121	19	207	53	-171	143	447	-51	222	35	-190	10	-58	36	147	-163	-67	73	-140	100	127	-127	22	-41	-20	-28	-95	56	26	33	80	131	-31	-15	101	72	-168	-188	-220	119	-6	167	2	13	1
574	-48	64	101	40	187	74	184	281	81	82	266	173	132	178	29	154	133	101	71	65	-5	15	134	252	122	94	60	118	110	24	78	0	23	243	60	82	-2	164	146	45	10	184	-7	138	80	34	68	91	90	68	120	7	217	-17	123	166	101	32	118	86	101	119	64	3	13	1
59	67	17	9	-4	-5	2	4	6	4	-7	4	34	2	17	3	-2	12	10	-2	-1	0	-4	1	-7	3	-1	20	8	-1	9	3	35	7	8	18	4	-2	8	21	3	6	-4	-3	-3	14	14	16	18	1	1	9	-3	12	-6	10	44	8	9	23	14	0	14	4	4	13	0
457	868	3	493	270	111	265	-158	138	-42	367	-74	-128	35	137	172	295	108	89	210	239	149	235	42	128	210	136	-103	-103	224	29	277	200	135	195	-160	90	249	114	64	86	304	-132	222	138	86	-95	40	-10	284	-118	133	153	-154	535	45	248	41	235	263	368	206	-179	-145	5	13	1
-504	-359	-162	-601	-337	-349	-396	289	-258	91	-458	-387	-129	-118	23	-420	-593	-360	-271	-285	-78	-8	-324	-42	-192	-224	-422	-64	39	50	-125	-503	-291	-406	-252	20	-35	-336	-212	-114	-108	-451	-172	-391	-507	-109	39	-136	-48	-390	32	-174	-340	148	-795	110	-145	-212	-395	-37	-610	-345	161	16	6	13	1
-432	-282	-173	-221	-157	-359	-364	-326	-225	-164	-162	-576	-160	-205	-251	-294	-445	-292	-361	-154	-191	-331	-425	-252	-334	-252	-162	-320	-349	-335	-268	-390	-150	-201	-436	-198	-223	-243	-378	-527	-137	-640	-320	-133	-276	-122	-258	-178	-206	-149	-429	-213	-228	-343	-137	-442	-335	-285	-106	-341	-301	-320	-130	-349	7	13	1
-31	84	-47	-9	-48	-113	-61	-5	-43	-78	-23	-86	-97	-122	-80	-11	-73	-69	-14	-23	-1	36	-5	-48	-32	-52	-37	46	-21	-83	-7	-24	-52	-41	-124	-118	-50	61	-92	-53	-27	-25	-64	-37	-71	12	-109	-71	-78	-8	-3	-37	41	-127	42	-51	-112	-58	-46	-66	-108	24	-48	-35	8	13	0
14	36	46	101	91	53	-29	76	191	0	19	93	6	110	60	-1	29	26	50	99	30	11	3	77	26	30	43	69	44	23	-34	107	56	129	30	69	31	49	17	76	-11	20	18	41	69	-7	95	79	43	8	143	79	33	-23	41	85	2	77	25	48	64	48	3	50	9	13	1
-160	-3	-4	28	59	69	-62	-31	62	30	3	-13	98	42	93	-5	-55	-15	6	-29	-8	18	43	70	1	-28	-19	-45	11	3	-3	84	18	-14	-1	3	13	68	50	86	37	-8	-11	53	85	-14	25	7	-8	32	55	-40	-19	55	11	115	16	13	-23	54	-36	33	-1	50	10	13	0
-77	99	-76	-292	-58	56	-168	-36	-107	-88	-172	54	23	-153	-91	-257	-151	130	-347	61	-434	-213	-409	15	-61	-277	-218	-538	39	157	-115	150	-445	-421	166	-261	-199	-424	-174	-315	-3	-550	34	-427	-124	-20	-213	-291	-220	-123	-379	-43	-64	84	-333	-168	-308	-143	-406	-253	-354	-15	-163	138	11	13	1
51	-157	-11	-14	8	-33	-21	-32	-25	5	-86	45	80	-55	47	-39	18	66	-48	-22	15	35	-45	-20	-86	-26	77	-37	21	-24	-36	-1	-49	1	-26	42	43	-26	41	-126	-48	1	81	-21	60	6	47	-38	23	-15	32	-46	-2	3	-15	59	25	20	-3	-124	-18	32	1	56	12	13	1
8	113	3	87	66	26	-12	-58	63	22	57	23	113	40	36	-8	73	40	85	90	36	50	57	7	63	53	96	69	15	103	3	57	41	63	115	52	22	38	66	96	55	75	39	10	-8	-7	41	60	-15	50	-35	11	-7	76	77	98	10	140	41	87	116	87	114	89	13	13	1
-56	-112	-18	29	-6	-132	17	-48	-36	41	-23	-59	-49	-29	-60	-15	47	-5	-35	1	45	-16	-50	-35	-1	94	-46	-20	-40	-8	2	-49	-10	-79	-69	-32	0	-63	-77	-134	-33	-80	-91	-46	-68	6	-22	-23	-68	-72	-43	-109	3	-59	17	-50	-60	12	-17	-78	-66	36	26	-15	14	13	1
69	-60	22	-34	-22	-120	-137	-56	42	24	-114	39	66	-16	12	-15	-3	-5	96	85	24	-8	-100	76	-47	31	29	8	27	24	65	-92	58	-16	-76	53	-9	-8	-95	63	53	-125	43	-19	-3	-28	61	45	-7	-28	-9	-2	-6	-13	-40	116	-65	86	27	13	-21	29	94	22	15	13	0
153	-143	54	28	-5	71	28	50	-84	9	68	-74	2	35	55	-14	-119	-18	2	-64	70	-53	-86	-66	37	61	34	-31	-69	78	52	-116	0	-2	5	-52	1	-57	-83	-5	32	-157	-116	-89	89	-33	7	-54	38	14	-125	-95	-18	14	-50	86	28	7	-45	-10	-35	-115	-15	-68	0	14	-1
-123	29	-65	-64	-52	-93	-64	-118	-53	-39	11	-30	20	-54	-48	14	-107	-25	-54	-13	-61	-111	-71	5	-45	22	-49	-42	-52	-29	25	-12	-35	43	-191	-87	-69	-4	-98	-1	5	-137	-69	-82	14	-16	-84	32	-72	-4	-16	-85	60	59	-73	-56	1	-56	-67	44	-123	-78	-42	-73	1	14	1
-39	44	16	-69	-112	62	10	340	-158	-117	-175	196	-69	-117	14	-305	-89	67	-125	89	-128	-108	-47	-60	176	-47	-117	-65	207	-64	141	2	-197	-154	-95	-28	118	-285	-19	73	-148	-24	68	-82	-34	-54	12	36	-125	-27	-47	67	14	43	-158	-123	-112	-69	-193	-169	-203	-76	-64	96	2	14	1
321	-287	-60	454	219	382	233	35	184	40	64	214	54	142	160	300	260	7	440	-69	173	29	294	156	253	157	203	42	64	40	33	196	-15	57	138	-3	87	432	274	183	36	252	114	293	337	-2	144	53	169	58	144	18	130	54	353	122	380	169	201	50	183	220	64	-16	3	14	0
-78	280	26	52	-45	-12	-23	-46	-32	-64	4	-42	-43	-3	-9	-68	39	-82	-69	32	-69	-19	2	-23	-4	27	-20	-149	-48	6	-90	50	-60	-75	0	-125	82	-53	-115	-67	-18	-35	-29	-15	0	-30	-57	8	-98	-11	-96	18	-11	-22	-17	-95	-52	-42	-41	64	24	65	-20	-16	4	14	0
301	573	90	387	108	264	127	-24	407	-1	310	72	131	121	228	449	274	156	395	158	183	226	386	182	-4	276	267	70	-37	429	-30	358	314	212	356	235	79	395	331	368	224	359	92	245	370	-3	248	181	187	104	281	171	190	121	267	383	216	93	309	511	431	389	121	206	5	14	1
224	-126	-267	447	-168	449	369	-193	-472	36	-152	-122	-131	-280	112	-210	434	9	25	6	6	-11	309	-383	405	3	3	-255	-217	-341	-380	-189	-326	-34	182	-310	-73	-31	1	-108	-137	428	64	74	196	-234	-521	-411	-144	165	13	-107	-222	-331	147	-579	183	62	-57	-527	-41	-114	44	-443	6	14	0
142	108	51	151	56	126	76	-52	138	16	17	94	31	41	38	27	52	6	-72	37	29	-40	162	-34	152	54	80	72	100	87	62	89	-15	8	-7	75	91	-6	44	69	27	17	12	31	81	23	24	65	84	20	43	57	79	112	29	67	152	39	19	101	109	7	7	69	7	14	0
-158	26	-12	61	-42	-11	-54	2	30	-66	42	89	41	8	17	7	-26	-47	-57	-1	-10	-10	-22	-32	6	4	19	33	44	149	-4	-28	-82	8	63	28	-6	-42	-28	8	48	-90	-7	-12	-32	-5	33	79	-52	-30	6	91	49	81	-9	-58	38	15	25	-19	-25	0	23	27	8	14	0
-138	-8	-17	-17	-67	-44	-32	-95	-1	-53	20	47	61	-96	-64	-84	-54	-9	-40	-31	-59	-21	-62	-49	-37	-68	20	-42	-18	-63	74	0	108	8	-94	-78	-52	0	-89	-65	-14	-88	-2	-70	-16	-42	-40	9	-80	35	-78	-10	1	-59	12	-50	-11	-73	-29	-10	-4	70	-11	17	9	14	0
-8	-76	85	-11	-50	-83	-16	-17	51	-7	57	-39	29	31	-40	165	-1	-25	20	-1	-47	-34	-25	-79	-29	-91	69	19	-20	4	86	-27	54	-10	-57	-14	-149	3	-156	-23	-61	-15	-62	-5	-62	5	14	16	36	-133	-15	29	23	-7	38	62	-34	-101	70	-1	91	-41	85	-21	10	14	0
15	-212	-72	-63	-27	-34	-20	57	-279	29	-194	-37	-18	11	-20	-8	-209	-56	-58	-297	-37	-77	-169	-22	-140	10	-93	78	-200	140	-138	-155	-136	-235	9	88	-14	34	43	-87	-166	-90	-28	-1	31	-148	-16	-140	66	5	-140	-159	-2	41	-273	-39	71	-116	-93	17	-123	-32	-74	-92	11	14	0
-103	-166	-69	-88	21	113	126	3	-27	110	33	-141	101	90	40	-62	-271	130	-88	-25	-82	99	-27	95	186	-106	140	112	60	78	54	7	-5	-225	-237	121	-168	-65	109	179	45	-115	97	-48	-214	48	25	-79	160	-93	12	-151	24	-51	-60	32	-115	-183	65	95	17	-29	-1	-24	12	14	1
67	87	35	-80	-30	47	-21	-12	-35	47	50	4	41	-12	-28	48	-56	-8	-42	17	-122	-24	34	-1	29	-78	11	33	-30	134	73	5	7	-3	-29	-37	-96	10	-11	40	64	-13	16	8	0	-4	2	-17	35	84	-43	-48	29	-13	5	26	42	-18	84	35	51	-12	16	51	13	14	0
-28	-108	26	-40	-41	-48	-95	0	-101	-27	-6	-130	-50	-111	-151	-43	-87	-69	-55	-46	-44	-30	-62	-134	42	-57	-111	-44	-97	-90	37	-114	26	-37	-174	-11	-115	-54	-88	-41	27	-183	-142	-14	-33	-83	-80	-35	-73	-114	-43	-114	-25	-87	-111	-55	-56	-13	4	-169	-64	-124	38	24	14	14	1
19	-166	6	-50	21	87	21	14	-85	24	-3	17	-58	-49	1	-25	-25	-37	62	39	-72	-94	-10	-79	-22	-82	-55	-19	-66	-58	-160	79	19	-55	-105	12	-90	-59	17	-191	-57	38	-52	29	69	-4	-87	19	-9	-99	3	-77	43	-98	-5	-39	-2	-84	-69	-75	-13	-96	-111	-95	15	14	1
172	-60	-58	-12	52	35	-17	-79	-140	-60	-62	-65	-18	1	-25	44	-30	-48	-114	-131	-11	-74	-56	-101	50	-39	-29	-89	8	58	18	-62	-63	-86	-20	-101	-91	-74	-134	-78	35	-7	25	-17	-11	-10	-70	-166	-95	79	-66	-59	4	-75	-58	49	73	-32	-73	-86	-137	-120	-157	-78	0	15	-1
200	66	-23	-8	5	10	60	5	26	1	-34	-74	-8	-16	59	101	12	0	40	41	32	-60	41	-63	50	51	-41	5	81	-28	-59	-12	-54	-66	31	0	-6	17	43	12	39	17	-101	-8	-9	70	-25	-49	-2	24	22	-100	24	40	-9	95	-11	25	-28	-77	-167	46	25	48	1	15	1
-106	-146	70	-119	-75	-81	-18	46	-252	-31	-34	321	-72	-104	4	-66	-34	39	-21	7	-16	6	-110	-38	1	15	-90	65	101	-8	100	-58	-105	-63	-121	-52	7	-108	-76	174	-63	104	-55	-81	-122	-83	-35	-75	-177	-75	85	-40	54	70	-19	-7	-71	8	-54	-168	-171	42	-167	142	2	15	1
253	-636	-68	202	203	276	250	-105	373	64	352	230	162	285	82	530	83	112	567	191	350	194	176	236	232	205	313	19	-76	338	59	205	-92	296	253	80	88	512	390	271	247	315	186	403	138	71	238	97	291	-75	325	-21	207	121	165	467	78	186	290	447	159	104	121	178	3	15	1
261	-156	60	228	180	350	276	146	318	88	112	292	106	189	114	219	160	272	204	15	119	149	273	161	169	57	194	167	141	194	49	203	122	136	279	261	77	250	333	275	156	315	256	109	205	147	281	113	201	98	298	162	96	91	82	154	155	109	64	112	226	41	39	147	4	15	0
-68	86	-90	59	-30	-165	-69	-393	97	77	117	-394	-115	-100	-175	155	-45	-114	34	-131	60	-16	-8	-118	-229	-43	110	-146	-267	11	-202	16	160	10	142	-69	-153	100	-116	-107	92	9	-195	23	-49	-25	-148	59	30	-71	-48	22	-109	-150	125	-44	-156	-126	119	15	233	-92	44	-219	5	15	1
-251	-389	-46	-133	174	-373	61	-595	-301	-129	267	-153	-119	-98	-307	30	-94	128	366	-37	244	-119	74	-217	-423	41	-155	-416	-444	403	99	97	-212	-80	-77	-186	-213	-134	-78	188	-351	-36	-550	492	29	115	-37	69	67	-205	-16	-78	-32	-77	-118	62	-204	-229	-18	0	-120	-279	-228	69	6	15	1
-151	147	-34	95	65	30	85	49	38	42	-47	16	-14	-38	-1	10	-15	17	114	19	81	-6	69	15	31	33	73	-48	36	-29	63	-52	21	26	-147	-45	-6	53	5	-24	92	6	90	0	8	106	60	57	-9	-25	85	-61	22	-12	100	13	-14	54	97	120	-13	57	73	42	7	15	0
6	-7	50	-33	-5	6	26	26	17	106	59	1	69	13	95	44	-32	25	41	-4	-17	38	-24	90	35	86	31	21	8	8	46	-10	13	62	114	31	-3	69	64	126	120	-58	-11	13	58	33	28	2	87	71	33	-64	-17	150	22	-6	141	67	-13	96	39	-17	96	56	8	15	1
-14	-1	44	33	25	50	83	35	40	-40	135	-15	68	19	59	98	98	86	9	42	0	42	118	-42	39	-25	59	17	57	83	101	124	6	122	98	19	2	73	131	51	72	75	-13	-26	-74	55	89	44	-21	35	53	16	56	67	135	72	108	58	39	-3	28	-43	59	133	9	15	1
-1	17	-25	-49	-11	52	24	-16	-128	15	-49	-5	7	-17	40	102	-10	-1	-66	-78	22	52	26	-48	-4	13	-8	125	-64	-1	29	30	27	-47	84	5	-38	-42	41	-37	-50	-5	32	28	95	0	24	58	-34	11	-17	-23	-2	-27	8	-23	43	-36	58	-104	1	35	9	41	10	15	1
-58	-67	-67	-109	26	100	-67	-85	72	30	-94	80	2	50	-21	64	4	-19	60	49	-52	5	-12	-11	43	57	-4	-33	10	-42	-82	-44	-21	50	48	0	4	16	40	-7	42	-30	29	18	145	-77	17	-28	46	-24	43	-14	-56	-100	4	171	-5	24	-31	-47	-93	-38	-32	31	11	15	1
100	22	-45	237	57	-87	150	122	259	-54	67	-29	101	116	140	123	272	-124	458	6	79	99	157	38	36	107	-72	-32	-9	-199	85	-270	-5	382	-331	-70	10	255	-130	244	-251	432	153	44	-89	-43	83	97	-30	-4	67	-155	2	-37	74	78	219	168	193	100	205	176	139	-93	12	15	1
-120	-40	-31	-32	-63	111	-33	-48	-93	-52	-71	-202	-54	-79	-38	4	71	-42	-145	49	21	50	-35	61	-139	39	-25	-5	-72	-97	-98	-23	-54	34	-62	65	51	8	-39	17	-65	0	35	93	32	-64	107	-24	-59	-67	81	-10	36	-23	-57	-123	-44	27	-51	-133	1	-33	-38	-18	13	15	1
24	-106	-22	-7	-85	44	-24	-58	-93	-9	-81	44	64	7	52	0	-59	-52	-40	-92	10	-32	-41	-14	-115	-53	-32	-87	-96	-61	-84	-100	11	-52	-203	32	-4	0	-22	-10	10	93	60	-130	-16	-28	7	-86	1	82	-85	21	-53	-26	-95	-77	104	42	20	9	13	-48	-35	-84	14	15	1
17	-123	8	-117	-52	-54	-82	-2	5	22	-85	52	-40	-48	-89	-85	-112	-36	-36	-55	-16	-39	-69	-74	-26	-188	-1	-75	21	-172	-5	-147	-22	-60	-49	-84	-92	-184	-78	-101	-91	53	-17	-40	-20	25	-216	-23	89	-26	-7	6	-71	-42	-64	-88	8	-4	-129	-72	-74	-40	6	-52	15	15	1
